N 2
P C
P minmaxInfluence
S        0    66.95503070950508  0.08410922158509493 
S        1    35.53604427725077   0.1873845872469246 
S        2    86.67453615926206   0.5396180236712098 
S        3    81.00538314320147   0.1578104132786393 
S        4    26.19119212031364    0.332837316673249 
R        3 0
S        5    87.97675408422947   0.6387888891622424 
R        2 0
S        6    46.79590705782175   0.7154042907059193 
R        0 0
S        7    55.38546834141016   0.3349962974898517 
R        1 0
S        8    91.44756020978093   0.7473690286278725 
R        4 0
S        9    62.61786124669014   0.7666159556247294 
R        7 0
S       10    24.55735569819808   0.5817036312073469 
R        8 0
S       11    78.51255629211664   0.3463917528279126 
R       11 0
S       12     96.9543238170445   0.3081111386418343 
R        5 0
S       13    80.96248828805983   0.4835282154381275 
R        6 0
S       14    19.55816633999348   0.3797377394512296 
R       14 0
S       15   0.6333327386528254   0.1470947018824518 
R        9 0
S       16     88.4744992479682   0.2986783888190985 
R       13 0
S       17    29.21933187171817  0.09446217073127627 
R       12 0
S       18    99.22481598332524   0.1012343526817858 
R       10 0
S       19    47.40078798495233   0.8379653310403228 
R       19 0
S       20    7.431206945329905   0.9394300514832139 
R       17 0
S       21      95.733642578125   0.8179160393774509 
R       16 0
S       22    10.50165626220405    0.623326153960079 
R       15 0
S       23    55.38454572670162   0.5397606119513512 
R       18 0
S       24    23.50509874522686   0.2062091468833387 
R       20 0
S       25    81.00233031436801   0.2955737090669572 
R       22 0
S       26    5.046227714046836   0.1812549042515457 
R       23 0
S       27    62.03253003768623   0.6114043551497161 
R       21 0
S       28    60.59826030395925   0.5227203103713691 
R       27 0
S       29    51.23156467452645   0.8456375636160374 
R       26 0
S       30    34.22608817927539  0.04182886518537998 
R       24 0
S       31    23.61978963017464   0.7051473399624228 
R       28 0
S       32    37.95061092823744   0.4417231809347868 
R       25 0
S       33    3.011415107175708  0.02902638120576739 
R       30 0
S       34    59.12872618064284  0.05653149867430329 
R       32 0
S       35    92.16287857852876   0.3559102579019964 
R       29 1
S       36    13.24892747215927   0.1556531321257353 
R       34 0
S       37    23.66145784035325   0.5814188113436103 
R       33 0
S       38    56.39145220629871   0.4540251614525914 
R       35 0
S       39    1.321499329060316   0.8484828835353255 
R       36 0
S       40    31.62706647999585   0.4768505678512156 
R       31 0
S       41     53.6165886092931   0.2105586663819849 
R       40 0
S       42    35.03521312959492   0.5449919085949659 
R       38 0
S       43    92.63918967917562   0.8720515226013958 
R       41 0
S       44    62.44785166345537   0.1583967031911016 
R       39 0
S       45    19.99380993656814   0.3694663099013269 
R       44 0
S       46    32.50309359282255   0.8691097921691835 
R       42 0
S       47    60.06899354979396   0.6679983497597277 
R       46 0
S       48     69.2561068572104   0.2894880129024386 
R       45 0
S       49    77.35517378896475   0.6987650226801634 
R       47 0
S       50    28.08907972648741   0.8431422160938382 
R       37 0
S       51    85.95184120349586   0.6672531547956169 
R       49 0
S       52    79.59294016472995  0.09653435414656997 
R       43 0
S       53    1.582956220954657   0.3596414159983397 
R       51 0
S       54    55.12630455195904   0.6985758012160659 
R       52 0
S       55    27.53079300746322   0.9332352634519339 
R       53 0
S       56    21.58203781582415   0.2692800019867718 
R       54 0
S       57    33.40231631882489   0.8347564716823399 
R       56 0
S       58    70.90199156664312   0.1887221522629261 
R       57 1
S       59    8.818866685032845   0.8867695927619934 
R       58 0
S       60    44.61525408551097   0.6473612333647907 
R       48 0
S       61    38.82513102144003   0.9954365575686097 
R       60 0
S       62    47.81827493570745   0.4077927432954311 
R       55 0
S       63    89.95461133308709   0.8521189782768488 
R       50 0
S       64    72.61509178206325   0.8969485098496079 
R       59 0
S       65     30.5891768541187   0.6506604296155274 
R       61 0
S       66    58.54337904602289   0.6834613545797765 
R       64 0
S       67    36.55428197234869   0.7669194079935551 
R       65 0
S       68     25.3345298115164   0.8341924478299916 
R       63 0
S       69     87.8173990175128   0.7490919576957822 
R       62 0
S       70    42.80283669941127   0.8297055242583156 
R       67 0
S       71    17.97377467155457   0.6872779722325504 
R       66 0
S       72    31.90174247138201    0.584791895467788 
R       68 0
S       73    61.18124146014452   0.7189158503897488 
R       70 0
S       74    77.61060502380133   0.8657756736502051 
R       69 0
S       75    55.14587690122427   0.7262079231441021 
R       72 1
S       76    56.34740716777742   0.9518746398389339 
R       71 0
S       77    50.05043651908636   0.5602233582176268 
R       73 1
S       78    24.45028442889452   0.5371562708169222 
R       77 0
S       79    76.19710443541408   0.8049614732153714 
R       75 0
S       80    34.30484523996711    0.550493354909122 
R       78 0
S       81     74.1440849378705   0.6594253797084093 
R       74 0
S       82    69.59950057789683   0.6704799868166447 
R       80 0
S       83    53.34295406937599   0.6633492349646986 
R       81 0
S       84    58.98689124733211   0.8296155808493495 
R       82 0
S       85    55.04474616609514   0.6735871601849794 
R       79 0
S       86    59.10484539344907   0.9588541355915368 
R       83 0
S       87    32.04925232566893   0.5587493516504765 
R       85 0
S       88    52.78877983801067   0.6607651407830417 
R       76 0
S       89     31.8194187246263   0.8536560558713973 
R       86 1
S       90    29.39530666917562    0.287299606949091 
R       87 0
S       91    35.46877237968147   0.5480495621450245 
R       88 1
S       92    65.98846549168229   0.6717788656242192 
R       89 1
S       93    20.58994607068598   0.5900864386931062 
R       90 0
S       94    10.94693676568568   0.7224567788653076 
R       91 0
S       95    52.80294618569313   0.9708281350322068 
R       93 0
S       96    37.89759227074683   0.8790986137464643 
R       94 0
S       97    38.16809239797294   0.7869860013015568 
R       84 0
S       98    51.84764852747321   0.8653366607613862 
R       95 0
S       99    49.61598119698465   0.8457544045522809 
R       98 0
S      100    67.74840168654919      0.8122264649719 
R       97 0
S      101    44.77960751391947   0.7270975653082132 
R       92 1
S      102     26.8309788312763   0.6508009578101337 
R       99 0
S      103    32.61251710355282   0.9344174396246672 
R      100 1
S      104    75.52802679128945   0.9741312763653696 
R      102 0
S      105    51.51415220461786   0.5375785320065916 
R       96 0
S      106    67.46344873681664   0.7053881553001702 
R      106 0
S      107    31.83669107966125   0.8286234172992408 
R      105 0
S      108    36.48836584761739    0.442232130561024 
R      103 0
S      109    34.99140050262213    0.672524340916425 
R      101 0
S      110    33.34417915903032   0.9442943106405437 
R      109 0
S      111    57.72287854924798   0.6026302478276193 
R      110 0
S      112    30.70259923115373   0.7246303171850741 
R      107 1
S      113     63.6221585329622   0.7477918905206025 
R      108 0
S      114    26.33371776901186   0.8238825839944184 
R      104 0
S      115    75.80249612219632   0.5895393630489707 
R      112 0
S      116    64.53913724981248   0.5642330050468445 
R      113 0
S      117    69.45639150217175   0.5542399622499943 
R      115 0
S      118    67.28564254008234   0.6111548379994929 
R      114 0
S      119    41.18927828967571    0.569688884075731 
R      111 0
S      120    57.65258143655956     0.55593550670892 
R      119 0
S      121    13.22757336311042   0.8445985824801028 
R      118 0
S      122    25.10835235007107   0.9748106529004872 
R      116 0
S      123    71.98428139090538   0.7077052621170878 
R      117 0
S      124    64.61420650593936   0.9577594995498657 
R      120 0
S      125    29.19518910348415   0.9456077981740236 
R      121 1
S      126    33.40665604919195    0.895256960298866 
R      122 1
S      127    45.20630333572626    0.852071532048285 
R      123 0
S      128     43.6538711655885   0.8100473368540406 
R      127 0
S      129    39.52076542191207   0.7272000284865499 
R      125 1
S      130    48.83002955466509   0.9363954369910061 
R      129 0
S      131     45.6147204618901   0.7922802092507482 
R      128 0
S      132    68.80253227427602   0.8467990667559206 
R      124 0
S      133    70.30226308852434   0.7274726224131882 
R      131 0
S      134    13.18122302182019   0.9982697586528957 
R      133 0
S      135    24.38837317749858   0.9235472423024476 
R      132 0
S      136    33.62138625234365   0.9356563822366297 
R      134 0
S      137    84.66479163616896   0.7215221119113266 
R      135 0
S      138    32.55086098797619   0.7478242879733443 
R      126 0
S      139    57.25994408130646   0.6690373397432268 
R      137 0
S      140    53.43425571918489   0.8570360862649977 
R      136 0
S      141    88.92344967462122   0.9251779047772288 
R      130 0
S      142    39.85568466596305   0.6769189201295376 
R      140 0
S      143    84.45337838493288   0.8910458944737911 
R      139 0
S      144    95.35281136631966    0.814579320140183 
R      142 0
S      145    50.00651674345136   0.8830062486231327 
R      143 0
S      146    35.75028460472822   0.9482354293577373 
R      141 0
S      147    12.51413845457137   0.6178336585871875 
R      144 0
S      148    42.87604461424053   0.8072863668203354 
R      147 0
S      149    53.43048321083188   0.9106102790683508 
R      145 0
S      150    14.04895982705057   0.7422880632802844 
R      148 0
S      151     70.0707942713052    0.643250566907227 
R      149 0
S      152    73.86904447339475   0.9542825827375054 
R      151 1
S      153    46.51965922676027   0.9117567376233637 
R      146 0
S      154    66.13831780850887   0.6766362530179322 
R      152 0
S      155    4.334122221916914   0.8554412606172264 
R      150 0
S      156    37.91677230037749   0.7984545221552253 
R      153 0
S      157    40.51043279469013   0.8223525914363563 
R      154 0
S      158    28.54958358220756   0.9414702355861664 
R      155 0
S      159    52.37250537611544   0.5756807350553572 
R      157 0
S      160    36.62608112208545   0.8251444012857974 
R      156 0
S      161    27.06830790266395   0.5860452111810446 
R      138 0
S      162    71.74870311282575   0.5467498120851815 
R      158 0
S      163    42.96480864286423   0.7868811124935746 
R      159 0
S      164    53.53770824149251   0.7084244168363512 
R      162 0
S      165     67.1177034266293   0.4589894325472414 
R      161 0
S      166     1.02385226637125   0.9873606157489121 
R      163 0
S      167    27.08815871737897    0.810421428643167 
R      167 0
S      168    19.34919375926256   0.9568926487118006 
R      166 1
S      169    49.14058423601091   0.6177642093971372 
R      164 0
S      170    65.32351383939385   0.7133899871259928 
R      165 0
S      171     24.3795006070286   0.2566101551055908 
R      170 0
S      172    17.63531425967813   0.8920388021506369 
R      169 0
S      173    73.09030056931078   0.6092964853160083 
R      168 0
S      174    14.04814254492521    0.964129438623786 
R      171 0
S      175    65.59758228249848   0.5546132330782712 
R      172 0
S      176    81.27570715732872   0.5566929373890162 
R      174 0
S      177    36.16202594712377   0.5845777983777225 
R      160 0
S      178   0.5465179681777954   0.8945174841210246 
R      175 0
S      179    48.72433478012681   0.7859788159839809 
R      177 0
S      180    28.76341752707958   0.8425566824153066 
R      176 0
S      181    65.81363510340452   0.9138090871274471 
R      173 0
S      182    26.15771195851266   0.8075461611151695 
R      181 0
S      183     38.0730819888413    0.922797292470932 
R      179 0
S      184    66.32072399370372   0.9614542527124286 
R      182 0
S      185    33.27371841296554   0.7631292552687228 
R      185 0
S      186    27.49213087372482   0.9745237808674574 
R      178 0
S      187    64.44109799340367   0.8788318363949656 
R      184 0
S      188    56.02278271690011   0.8319258838891983 
R      180 0
S      189    54.84625943936409   0.7915097768418491 
R      183 0
S      190    52.64151813462378   0.8313457858748734 
R      190 0
S      191    37.69331304356456   0.5997681100852787 
R      189 0
S      192    41.99014957994223   0.7675283988937736 
R      187 1
S      193    35.67420062609017    0.826197809074074 
R      186 1
S      194    77.25403634831309   0.7172573865391314 
R      191 0
S      195    13.56904408894479   0.9241576809436083 
R      188 0
S      196    78.46229285933077   0.8744160681962967 
R      195 0
S      197    26.67328040115535   0.9807114442810416 
R      196 1
S      198    95.33459134399891   0.6277511161752045 
R      192 0
S      199    2.686444157734513   0.8815502631478012 
R      193 1
S      200    58.56029912829399   0.8294978425838053 
R      200 0
S      201    57.81225222162902   0.8120819223113358 
R      199 0
S      202    2.888804022222757   0.8419299330562353 
R      198 0
S      203    96.95144919678569   0.4890738972462714 
R      194 0
S      204    84.72032258287072    0.977044363040477 
R      201 0
S      205    55.20900799892843   0.8391830548644066 
R      203 0
S      206    61.12671345472336   0.8460107697173953 
R      197 0
S      207    41.91441657021642   0.5397696564905345 
R      205 0
S      208    98.65059331059456    0.469735509250313 
R      206 0
S      209    19.38787898980081   0.9932498214766383 
R      202 0
S      210    89.38972325995564   0.9259367166087031 
R      204 0
S      211    89.10218263044953   0.9717120239511132 
R      209 0
S      212    31.68652029708028   0.8051810157485306 
R      207 0
S      213    38.31216907128692   0.8635033774189651 
R      211 2
S      214    20.45208038762212   0.8166753058321774 
R      212 0
S      215    73.93121849745512   0.6683978643268347 
R      213 0
S      216    77.07614107057452   0.9847190845757723 
R      210 0
S      217    92.05241939052939   0.9693740275688469 
R      208 0
S      218    15.37001626566052   0.6897099073976278 
R      214 1
S      219    25.31498256139457   0.6930473772808909 
R      217 0
S      220    46.01122215390205   0.9665104625746608 
R      215 0
S      221    43.83527743630111   0.9390595266595483 
R      216 0
S      222    49.37528818845749   0.9816063963808119 
R      220 0
S      223    65.59750041924417    0.797881213016808 
R      218 0
S      224    29.06451891176403   0.7521747597493231 
R      221 0
S      225    92.60574663057923   0.5396200683899224 
R      222 0
S      226    66.78710398264229   0.8947738674469292 
R      225 0
S      227    35.87800613604486    0.988837034907192 
R      219 0
S      228     20.4191988799721   0.8565782168880105 
R      226 1
S      229    27.49096136540174   0.8344441317021847 
R      228 0
S      230    96.88692060299218    0.725331726949662 
R      229 0
S      231      49.782072333619   0.6624840754084289 
R      223 0
S      232     39.8502616211772   0.8623918569646776 
R      224 0
S      233    75.08960505947471   0.6675727046094835 
R      231 0
S      234    29.76451995782554   0.6068864143453538 
R      233 0
S      235     93.5037583578378   0.8946410366334021 
R      232 0
S      236    41.72263476066291   0.9581528184935451 
R      230 0
S      237    21.66316919028759   0.9029091210104525 
R      235 0
S      238    3.949174704030156   0.8862001923844218 
R      236 0
S      239    56.44561308436096   0.5024201697669923 
R      234 0
S      240    79.69077276065946   0.8296895837411284 
R      239 0
S      241    76.36257787235081   0.5393391498364508 
R      240 0
S      242    19.92376134730875   0.8226031782105565 
R      238 0
S      243    65.90491305105388     0.83755241939798 
R      237 1
S      244    51.61590417847037   0.9181679710745811 
R      241 0
S      245    94.64621087536216   0.9453083295375109 
R      227 0
S      246    14.89574373699725   0.3847608477808535 
R      246 0
S      247    11.51585327461362   0.6113793728873134 
R      245 0
S      248    30.33142751082778    0.885061880107969 
R      243 0
S      249    98.16082939505577   0.7938389307819307 
R      247 0
S      250    36.15783066488802   0.9751662225462496 
R      248 1
S      251     43.9277330879122   0.9048808449879289 
R      242 0
S      252    70.81867302767932   0.7848463514819741 
R      249 0
S      253    38.30519556067884   0.7992441849783063 
R      244 0
S      254    28.24220666661859   0.8093130975030363 
R      250 0
S      255    30.86235770024359   0.9096789336763322 
R      252 0
S      256    5.525246588513255   0.9350749650038779 
R      251 0
S      257    34.70375258475542   0.5174925015307963 
R      253 0
S      258    60.77273739501834   0.6360077527351677 
R      254 0
S      259    87.91651939973235   0.5781878852285445 
R      257 0
S      260    87.88982932455838   0.2805504282005131 
R      256 1
S      261    6.446042750030756   0.9628385952673852 
R      255 0
S      262    59.89987840875983   0.7171546197496355 
R      260 0
S      263    88.21538067422807   0.9468211559578776 
R      258 0
S      264    77.22325259819627   0.8344222125597298 
R      259 0
S      265     8.93339030444622   0.7752649113535881 
R      262 0
S      266     59.9533611908555   0.5672997827641666 
R      261 1
S      267    46.42269816249609   0.9290076876059175 
R      263 0
S      268    13.09322328306735   0.8085482669994235 
R      265 0
S      269    91.25092029571533   0.8137861900031567 
R      267 0
S      270    43.58849013224244   0.8828502804972231 
R      266 0
S      271    31.65902397595346    0.836604421492666 
R      269 0
S      272    20.28440674766898   0.8407013518735766 
R      271 0
S      273    17.72336307913065   0.7821141961030662 
R      264 0
S      274    40.61719249002635   0.9886568370275199 
R      272 0
S      275    40.31627001240849    0.867220344953239 
R      273 0
S      276    9.491446893662214   0.6381795825436711 
R      275 0
S      277    12.39113635383546   0.8259901823475957 
R      274 1
S      278    26.79722532629967   0.8435572418384254 
R      276 1
S      279     97.5556829944253   0.7709501395002007 
R      270 0
S      280    21.40257568098605   0.8156852326355875 
R      268 0
S      281    43.44523209147155   0.9997658282518387 
R      278 1
S      282    6.457754084840417   0.6072871452197433 
R      277 0
S      283    51.18530755862594   0.9329056572169065 
R      279 1
S      284    88.84536055848002   0.6521091256290674 
R      281 1
S      285     64.1073546372354   0.9734060605987906 
R      282 0
S      286    25.48897224478424   0.9375150771811604 
R      284 0
S      287    11.78957978263497   0.8844060036353767 
R      280 0
S      288    11.24058500863612   0.8640890284441411 
R      287 0
S      289    10.53835940547287   0.9682441516779363 
R      285 0
S      290     17.2947277314961   0.9200084968470037 
R      288 0
S      291    60.68391292355955   0.6418235609307885 
R      289 0
S      292    89.60078773088753   0.4810986542142928 
R      283 0
S      293    34.45779588073492   0.9983320659957826 
R      290 0
S      294    52.90819467045367   0.8955581085756421 
R      292 1
S      295    15.63674840144813   0.9299519886262715 
R      293 0
S      296    63.16322390921414   0.8657443774864078 
R      295 0
S      297    93.92745979130268   0.2700447659008205 
R      286 0
S      298    26.92713043652475   0.7102254182100296 
R      296 1
S      299    47.97749631106853   0.8588223624974489 
R      298 1
S      300    84.03164329938591   0.3601015210151672 
R      299 0
S      301    96.30507580004632   0.9409624151885509 
R      297 0
S      302    35.83622737787664     0.98006501654163 
R      300 0
S      303    26.15609704516828   0.7642570459283888 
R      291 0
S      304    19.58042518235743    0.848821974825114 
R      303 0
S      305    91.07714393176138   0.8763122078962624 
R      302 0
S      306    26.05574526824057   0.6907188356854022 
R      304 1
S      307    65.44933142140508   0.6495504570193589 
R      301 0
S      308    68.10482637956738    0.936676932964474 
R      305 1
S      309    37.35224213451147   0.8555652424693108 
R      307 0
S      310    54.50447993353009   0.8356025773100555 
R      308 0
S      311    72.45058054104447   0.9862626786343753 
R      311 0
S      312    90.91928657144308    0.791921264026314 
R      294 0
S      313    61.26889567822218   0.5509441513568163 
R      310 0
S      314     71.8685288913548    0.809520501177758 
R      309 0
S      315     70.9083263296634   0.8538451753556728 
R      306 0
S      316    21.89492471516132   0.9279515007510781 
R      313 0
S      317    30.45399221591651   0.6015098947100341 
R      317 0
S      318    56.54107984155415    0.693615663331002 
R      312 0
S      319    52.38404129631817   0.8852788177318871 
R      316 0
S      320    11.74444435164332   0.8642535042017698 
R      314 0
S      321    64.92456435225904   0.7428285083733499 
R      318 0
S      322    50.21959901787342    0.949683322571218 
R      321 0
S      323    12.17516572214663   0.8705580714158714 
R      319 0
S      324    78.20373647846282   0.8148059397935867 
R      315 1
S      325     41.7967570014298   0.9651213358156383 
R      322 0
S      326   0.7927830796688795   0.9173197881318629 
R      320 1
S      327    9.960097912698984   0.7739552636630833 
R      326 0
S      328    61.37068434618412   0.8076275587081909 
R      324 0
S      329     75.4092650488019   0.9315549386665225 
R      323 0
S      330     21.2812433950603   0.9125062106177211 
R      328 0
S      331    21.08133635483682   0.8554804516024888 
R      325 0
S      332    48.80783152766526   0.9601938398554921 
R      331 0
S      333    88.40072024613619   0.7540206145495176 
R      333 0
S      334    7.080618618056178   0.8816111171618104 
R      329 0
S      335    18.57788637280464   0.7734205848537385 
R      327 0
S      336    26.05584263801575   0.9064996191300452 
R      335 0
S      337    47.76897476986051    0.913587209302932 
R      336 0
S      338    42.21980138681829   0.9030207097530365 
R      337 0
S      339    57.97543106600642   0.9234375911764801 
R      338 0
S      340    96.45167361013591   0.5253488477319479 
R      332 0
S      341    88.52816880680621   0.6419074097648263 
R      339 1
S      342    33.81144916638732   0.8751060753129423 
R      330 1
S      343    43.33645217120647   0.8554592151194811 
R      340 0
S      344    32.72102572955191   0.8960056495852768 
R      341 0
S      345    86.72020435333252   0.9741496029309928 
R      342 0
S      346    4.599587386474013   0.8753570863045752 
R      344 0
S      347    97.08293047733605   0.6555087612941861 
R      346 0
S      348    26.87717978842556     0.81772914621979 
R      348 0
S      349      23.443254083395   0.7716061105020344 
R      347 0
S      350    25.80099957995117   0.7055054036900401 
R      343 0
S      351    16.78079930134118   0.7832347066141665 
R      334 1
S      352    51.05682611465454   0.9114194978028536 
R      345 0
S      353    75.77683627605438   0.7041276707313955 
R      350 0
S      354   0.5455560982227325   0.7090753181837499 
R      349 0
S      355    16.08853340148926   0.8815119103528559 
R      352 1
S      356     70.6104839220643   0.7027692701667547 
R      351 0
S      357    92.32469163835049   0.8035766216926277 
R      354 0
S      358    32.63682522810996    0.881925290916115 
R      356 0
S      359    21.06803613714874    0.789343798533082 
R      358 0
S      360    66.51294468902051   0.8706626482307911 
R      355 0
S      361    62.12108773179352   0.5519314697012305 
R      353 0
S      362    83.28680326230824   0.5859399340115488 
R      360 0
S      363    22.90688632056117    0.787749414332211 
R      361 0
S      364    91.00011326372623   0.7703835349529982 
R      362 0
S      365    97.74699755944312   0.7177052977494895 
R      363 0
S      366    80.51970731467009   0.7950042765587568 
R      364 1
S      367    51.66922160424292   0.8571163448505104 
R      359 0
S      368    38.64607643336058   0.9774951594881713 
R      365 0
S      369    30.03363255411386   0.5508065391331911 
R      366 0
S      370    89.68964195810258   0.6581719210371375 
R      367 0
S      371    84.22368816100061   0.5884040603414178 
R      357 0
S      372    86.59988809376955   0.6512738410383463 
R      370 0
S      373    35.22494346834719   0.9306407230906188 
R      371 0
S      374    93.99203998036683   0.6802928317338228 
R      372 0
S      375    45.48434829339385   0.9663405818864703 
R      374 0
S      376    47.40730309858918   0.8884833208285272 
R      375 0
S      377    23.48299901932478    0.997897288762033 
R      369 0
S      378     57.6209699269384    0.995514721609652 
R      368 0
S      379    49.75672289729118   0.9086773125454783 
R      373 0
S      380    46.91282217390835   0.8995723938569427 
R      378 0
S      381    73.68422974832356   0.8316037058830261 
R      377 0
S      382    74.36073296703398    0.966164177749306 
R      376 0
S      383    66.49020412005484   0.8103304570540786 
R      379 0
S      384    33.15768106840551   0.8631598483771086 
R      381 0
S      385      75.380416540429   0.9318202310241759 
R      380 0
S      386    6.501246942207217   0.9494151752442122 
R      384 0
S      387    89.95463415049016   0.6430383552797139 
R      382 0
S      388    58.95308014005424   0.9454123117029667 
R      387 0
S      389    50.57499883696437   0.8238298520445824 
R      386 0
S      390    99.80903272517025   0.8488560747355223 
R      385 0
S      391    31.84287496842444   0.9072789433412254 
R      383 0
S      392    98.28969687223434   0.7094351495616138 
R      391 0
S      393    95.31963490881026   0.9865733017213643 
R      389 0
S      394     31.2951922416687    0.783972145523876 
R      388 0
S      395    33.75026141293347   0.7872524484992027 
R      393 0
S      396    86.79225048981607   0.7548249326646328 
R      390 0
S      397    44.70308385789394   0.8425178839825094 
R      395 0
S      398    43.60082489438355    0.889611080288887 
R      392 0
S      399    1.726925745606422    0.787507847417146 
R      398 0
S      400    80.64857474528253   0.9951013303361833 
R      396 0
S      401     15.1528806425631   0.8864703513681889 
R      397 0
S      402    32.65148010104895   0.5395586229860783 
R      399 0
S      403    25.49619828350842   0.9934868421405554 
R      402 0
S      404    42.90657453238964   0.9633035319857299 
R      401 0
S      405    56.43487009219825   0.6154984361492097 
R      394 0
S      406    72.28399137966335   0.7832792745903134 
R      403 0
S      407    3.634001361206174   0.8087974861264229 
R      404 2
S      408    75.19190558232367   0.8767167772166431 
R      400 0
S      409    28.06392768397927   0.8998521887697279 
R      406 1
S      410    35.40901523083448   0.8857280272059143 
R      405 0
S      411    73.91191646456718   0.6839428241364658 
R      409 0
S      412    40.45251500792801   0.7158215758390725 
R      408 0
S      413    49.04280127957463   0.8086440758779645 
R      412 0
S      414    90.22087315097451   0.7775282398797572 
R      407 0
S      415     22.0039929728955   0.7859269645996392 
R      411 0
S      416    45.41161078959703   0.8882536655291915 
R      413 0
S      417    33.48826533183455   0.9829640439711511 
R      414 0
S      418    89.38679862767458   0.6905471491627395 
R      415 0
S      419    48.06105135940015   0.5741643090732396 
R      418 0
S      420     30.9025626629591   0.9422794287092984 
R      410 0
S      421    47.97393688932061   0.6913637947291136 
R      416 0
S      422    36.56287216581404   0.6748797222971916 
R      419 0
S      423    38.08017405681312   0.7358866347931325 
R      422 0
S      424    92.91069768369198   0.5605070693418384 
R      424 0
S      425    4.028304340317845    0.929319832008332 
R      425 0
S      426    54.49424758553505   0.7821374302729964 
R      417 0
S      427     19.5406989660114   0.9329535202123225 
R      420 0
S      428    67.82319373451173   0.9296543137170374 
R      421 0
S      429    17.67951576039195    0.852795363869518 
R      428 0
S      430    59.32769351638855   0.9101348258554935 
R      429 1
S      431    94.19950912706554   0.9150742185302079 
R      427 1
S      432    47.91938639245927   0.8865901073440909 
R      423 0
S      433    74.55938365310431   0.8687837929464877 
R      426 0
S      434    65.78824669122696   0.8659389289095998 
R      431 0
S      435    38.26482417061925    0.935166833922267 
R      433 0
S      436    7.186468318104744   0.8138154186308384 
R      432 1
S      437    32.04317670315504   0.8645359231159091 
R      430 0
S      438     69.9001899920404   0.5963966916315258 
R      435 0
S      439    67.21526780165732   0.9186730934306979 
R      437 0
S      440    14.38186373561621   0.9242314239963889 
R      434 0
S      441    59.05002378858626   0.8494453905150294 
R      436 0
S      442    32.07712951116264   0.8506832038983703 
R      441 0
S      443    96.08303494751453   0.9781706216745079 
R      442 0
S      444    83.04355912841856   0.8591176178306341 
R      443 0
S      445    62.32347236946225   0.9718777374364436 
R      438 0
S      446    75.42561301961541   0.8757193954661489 
R      439 1
S      447    31.67298315092921   0.7204975024797022 
R      445 0
S      448    6.774391466751695   0.8688577096909285 
R      444 1
S      449    93.09762520715594   0.6360914693213999 
R      446 0
S      450    99.32024483568966   0.9915068568661809 
R      449 1
S      451    58.30800486728549   0.9972805199213326 
R      450 0
S      452    75.48610819503665   0.8129058652557433 
R      452 0
S      453    40.48748635686934   0.8234465545974672 
R      451 0
S      454    70.91701310127974   0.6561704487539828 
R      447 0
S      455    99.56200118176639   0.8710420876741409 
R      448 1
S      456    9.716249676421285   0.8294954444281757 
R      454 0
S      457    25.82991486415267   0.9765989440493286 
R      456 0
S      458    96.05285250581801   0.4601249564439058 
R      440 0
S      459     10.3303185198456   0.9460694282315671 
R      457 0
S      460    86.09302630648017   0.7526484136469662 
R      453 1
S      461    89.49044612236321   0.6856795540079474 
R      455 0
S      462    10.53751944564283   0.8788562966510653 
R      460 0
S      463    89.15401217527688    0.652350059710443 
R      458 0
S      464    10.35175370052457   0.9102193620055914 
R      459 0
S      465    23.01841266453266     0.86768495477736 
R      461 0
S      466    82.41734309121966   0.8892475077882409 
R      462 1
S      467    78.26578058302402   0.8114966219291091 
R      463 0
S      468    71.32199187763035   0.6233452302403748 
R      465 0
S      469    98.35112537257373   0.7640777309425175 
R      467 0
S      470    90.50480546429753   0.8066874640062451 
R      470 0
S      471    31.31464459002018   0.9279352994635701 
R      464 0
S      472    27.69421809352934   0.9984680041670799 
R      466 0
S      473     68.2044577319175   0.8258799454197288 
R      469 0
S      474    63.22291227988899    0.906120328232646 
R      468 0
S      475    21.59838508814573   0.8134546484798193 
R      471 0
S      476    45.54808074608445   0.9748582448810339 
R      472 0
S      477    25.32854322344065   0.9653037670068443 
R      476 1
S      478    22.85035750828683   0.8622032683342695 
R      475 0
S      479      55.438536638394   0.9260957892984152 
R      477 0
S      480    17.77746006846428   0.8429177077487111 
R      473 0
S      481    6.900802673771977   0.9810743140988052 
R      480 0
S      482    96.59344074316323   0.6148870536126196 
R      478 0
S      483    4.011988965794444   0.9542904081754386 
R      474 0
S      484    29.55808090046048   0.9922384535893798 
R      479 0
S      485    34.56318625248969   0.8283460754901171 
R      483 1
S      486    33.15178360790014   0.8654839228838682 
R      485 0
S      487    8.678440283983946   0.9088234640657902 
R      481 0
S      488    2.956131985411048   0.9021630580537021 
R      484 0
S      489    31.72157774679363   0.6580164404585958 
R      486 0
S      490    7.797206752002239   0.9600905561819673 
R      487 0
S      491    77.85588093101978   0.8137940736487508 
R      491 0
S      492    10.99284538067877   0.7493456774391234 
R      482 0
S      493    72.15630640275776   0.9415475889109075 
R      490 0
S      494    32.19856810756028   0.9093334274366498 
R      489 0
S      495    50.99396891891956   0.9215086097829044 
R      492 0
S      496    82.29924808256328   0.7396544856019318 
R      488 1
S      497   0.5842294078320265     0.90931486338377 
R      495 0
S      498    36.43230041489005   0.9363769865594804 
R      496 0
S      499    23.22226050309837   0.9800208024680614 
R      494 0
S      500    47.86190185695887   0.8561900095082819 
R      498 0
S      501    85.77477475628257   0.9316454008221626 
R      493 0
S      502    34.65709146112204   0.8329338999465108 
R      501 0
S      503    61.11751170828937   0.9877027771435678 
R      502 0
S      504    68.13767370767891   0.9006760027259588 
R      499 0
S      505    36.17475270293653   0.9028349630534649 
R      503 0
S      506    71.66325780563056   0.6992907840758562 
R      504 0
S      507    7.128396164625883   0.9623835389502347 
R      500 0
S      508    81.85706147924066   0.8432880421169102 
R      506 0
S      509    43.21312182582915   0.9502775915898383 
R      507 0
S      510    17.59189958684146   0.9324813564307988 
R      508 0
S      511    18.36635493673384   0.8958745081909001 
R      509 0
S      512    55.35722654312849   0.9814996095374227 
R      510 0
S      513     31.2763306312263   0.9779859753325582 
R      497 1
S      514    22.81534802168608   0.9622293431311846 
R      512 0
S      515    94.08670058473945   0.6319560995325446 
R      513 1
S      516    89.35616943053901   0.8098939890041947 
R      511 0
S      517     88.2972470484674    0.757288025226444 
R      514 0
S      518     85.4009754024446   0.9024322745390236 
R      516 0
S      519    33.60632876865566   0.9897031211294234 
R      515 0
S      520     13.9399369712919   0.9164352212101221 
R      517 0
S      521    28.73445274308324   0.9355518212541938 
R      505 0
S      522     13.1366528570652   0.9830433372408152 
R      521 0
S      523    34.20667159371078   0.9203564510680735 
R      522 0
S      524    62.64823395758867   0.9836238520219922 
R      520 0
S      525    33.53258250281215   0.9512568707577884 
R      519 0
S      526    46.19948859326541   0.9128382746130228 
R      524 0
S      527    17.68816984258592   0.8614091230556369 
R      525 0
S      528    94.80394721031189   0.9718298143707216 
R      526 0
S      529    63.05778920650482   0.8115410390309989 
R      523 0
S      530    90.41015272960067   0.7237033494748175 
R      527 0
S      531    50.76957582496108   0.9964957693591714 
R      528 0
S      532    53.08405049145222   0.9064836581237614 
R      531 0
S      533    13.67108295671642   0.8233595807105303 
R      529 0
S      534      3.5548762883991    0.964775437489152 
R      530 0
S      535    20.20163312554359   0.9743898222222924 
R      518 0
S      536      90.006018942222   0.7338725402951241 
R      532 0
S      537    38.52358488366008   0.9196419827640057 
R      535 0
S      538      35.260975593701   0.9336407142691314 
R      534 1
S      539    43.82009278051555   0.7412270037457347 
R      533 0
S      540     23.8783726003021    0.681144546251744 
R      537 0
S      541    47.10850110277534   0.9989371262490749 
R      539 0
S      542    80.82815068773925   0.9722138997167349 
R      538 1
S      543    32.25888493470848   0.7902519153431058 
R      536 0
S      544     83.1434415653348   0.9342065956443548 
R      541 0
S      545    43.82794289849699   0.9284141431562603 
R      542 0
S      546    99.01220584288239   0.7268112520687282 
R      540 0
S      547    8.501983666792512   0.8294334933161736 
R      544 0
S      548    48.10601780191064    0.923773898743093 
R      546 0
S      549     85.2264404296875   0.9364115251228213 
R      545 1
S      550    8.295537019148469   0.9599659168161452 
R      543 0
S      551    53.19032035768032   0.9171275049448013 
R      549 0
S      552    5.420059524476528   0.7968661319464445 
R      548 0
S      553    7.893374003469944    0.754387445282191 
R      550 2
S      554    31.64469706825912   0.8474318129010499 
R      552 1
S      555    15.92875737696886   0.9580176202580333 
R      547 0
S      556    21.13664546050131   0.9530389355495572 
R      553 0
S      557    81.36381963267922   0.9218560298904777 
R      554 0
S      558    37.80762716196477   0.7881211624480784 
R      551 0
S      559    38.55244796723127   0.9461903590708971 
R      556 0
S      560    62.11089082062243   0.9429470608010888 
R      555 1
S      561    51.45893134176731   0.9772708504460752 
R      560 0
S      562    8.902723202481866   0.9233376230113208 
R      557 1
S      563     6.02053408510983   0.8469379497691989 
R      558 1
S      564    29.48306794278324    0.939598280005157 
R      563 0
S      565    11.97180687449872   0.8216273719444871 
R      559 0
S      566    91.37554508633912   0.8252631369978189 
R      565 1
S      567    92.14563351124525   0.7810502992942929 
R      566 0
S      568    0.403204932808876   0.8426264747977257 
R      567 0
S      569     38.5753680486232   0.8523231921717525 
R      564 0
S      570    89.37448966316879   0.4706861772574484 
R      561 0
S      571    52.89323655888438    0.957548935431987 
R      569 1
S      572    21.87341605313122   0.8791400510817766 
R      562 0
S      573    82.24859144538641   0.8235486894845963 
R      570 0
S      574    61.45013300701976    0.944683538749814 
R      572 0
S      575    23.06786519475281   0.9973610378801823 
R      574 0
S      576    1.494187954813242   0.8282256918027997 
R      571 0
S      577    18.96900990977883   0.9754619100131094 
R      573 0
S      578    40.41837528347969   0.9585714968852699 
R      576 1
S      579    91.29342581145465   0.5997954285703599 
R      575 1
S      580    6.232263054698706   0.7825896120630205 
R      568 0
S      581    9.161614347249269   0.8902193363755941 
R      579 0
S      582    44.02261450886726   0.9486608076840639 
R      581 0
S      583    74.66381061822176   0.8718892405740917 
R      578 0
S      584    74.85182057134807   0.8005784912966192 
R      577 0
S      585    85.06286144256592   0.7244891789741814 
R      584 0
S      586    87.95937453396618   0.7557850894518197 
R      580 0
S      587    31.67675184085965    0.963601082097739 
R      585 0
S      588    23.88201258145273   0.8701530825346708 
R      586 0
S      589    91.13198420964181   0.6522001549601555 
R      587 0
S      590    2.366794692352414   0.9572382057085633 
R      582 0
S      591    47.74494301527739   0.8159251948818564 
R      589 0
S      592    77.61131031438708   0.9430368752218783 
R      591 1
S      593    35.38753525353968    0.976891293656081 
R      590 0
S      594    21.22139516286552    0.767820717766881 
R      594 0
S      595    16.51410036720335   0.9004079531878233 
R      592 0
S      596    1.300281938165426     0.90401182603091 
R      588 1
S      597    3.537928033620119   0.7650072239339352 
R      583 0
S      598    27.52334629185498   0.9695060378871858 
R      593 0
S      599    1.248600520193577     0.94547811569646 
R      595 0
S      600    9.567587357014418   0.9691786398179829 
R      596 0
S      601     10.8428796287626   0.7478103726170957 
R      599 1
S      602    10.20772815681994   0.7026725336909294 
R      600 0
S      603    1.860603597015142   0.8104807552881539 
R      598 1
S      604    90.05506308749318   0.6130730137228966 
R      601 0
S      605    5.962229752913117   0.7854231768287718 
R      604 0
S      606    17.81838880851865   0.7738809548318386 
R      603 1
S      607    67.35154902562499   0.8077080124057829 
R      605 1
S      608    4.624047968536615   0.8261374514549971 
R      597 1
S      609    95.00839044339955   0.7805396998301148 
R      608 0
S      610    26.79342413321137   0.7745086327195168 
R      602 0
S      611    30.25569673627615   0.9250431866385043 
R      607 0
S      612    40.36562759429216   0.7942066551186144 
R      611 0
S      613    11.90902921371162   0.8283357135951519 
R      609 0
S      614    79.73096976056695   0.9722904432564974 
R      613 0
S      615    49.20598552562296   0.8934328844770789 
R      614 0
S      616    14.16219635866582   0.8518056129105389 
R      612 0
S      617    2.866913611069322   0.8405382735654712 
R      617 0
S      618    34.34488782659173   0.9536399878561497 
R      610 0
S      619    25.25057592429221   0.9655479015782475 
R      616 0
S      620    4.827309167012572   0.9355348153039813 
R      606 0
S      621    6.429301109164953   0.7505565923638642 
R      618 0
S      622    6.435439921915531   0.8803797173313797 
R      621 0
S      623    7.850397471338511   0.8609740664251149 
R      622 0
S      624    71.35305074043572   0.6340045630931854 
R      619 0
S      625    14.77038147859275   0.7303932812064886 
R      624 0
S      626    12.00998104177415   0.8155871969647706 
R      615 0
S      627    19.84485927969217   0.8483900208957493 
R      620 0
S      628    25.99530857987702   0.9317762944847345 
R      623 0
S      629    31.01728176698089   0.9656710322014987 
R      626 0
S      630    60.54886812344192   0.9552193456329405 
R      627 0
S      631    47.61450127698481   0.8034791662357748 
R      631 0
S      632    79.23602778464556   0.8438592231832445 
R      632 0
S      633    45.98403046838939   0.9530246006324887 
R      628 0
S      634    25.21595698781312   0.9363622646778822 
R      633 0
S      635    10.16047652810812   0.8970627659000456 
R      635 0
S      636    53.51178534328939   0.7776675433851779 
R      630 0
S      637    7.831934466958046   0.8164955521933734 
R      625 0
S      638    11.25778732821345   0.9072899203747511 
R      634 0
S      639    28.38534801267087    0.931267493404448 
R      636 0
S      640    30.38178505375981   0.8965297304093838 
R      629 0
S      641    58.95722298882902    0.810259681660682 
R      639 0
S      642    86.37173529714346   0.7778965621255338 
R      638 0
S      643    28.11839072965086   0.9236221532337368 
R      640 2
S      644     15.8827259670943   0.8616177630610764 
R      641 0
S      645    3.590132901445031   0.9635463720187545 
R      642 0
S      646     8.13613529317081   0.8361761760897934 
R      644 1
S      647    26.37081667780876   0.9348434563726187 
R      637 0
S      648    95.79266328364611   0.8130157934501767 
R      645 0
S      649    86.21254963800311   0.9436591775156558 
R      647 0
S      650    16.21716571971774   0.9425215115770698 
R      648 1
S      651    57.93762351386249   0.9561156197451055 
R      643 0
S      652    25.60457764193416   0.7475718455389142 
R      651 0
S      653    6.419126549735665   0.9811069830320776 
R      646 0
S      654     18.6034413985908   0.8280873787589371 
R      650 1
S      655    52.10992749780415   0.8452928182668984 
R      652 0
S      656    26.88301079906523    0.971386693418026 
R      656 0
S      657    17.01621767133474   0.8450007289648056 
R      653 0
S      658    61.67820296250284   0.7869835216552019 
R      655 0
S      659    15.11146198026836   0.8090167469345033 
R      649 0
S      660    89.27697935141623   0.7973347171209753 
R      654 0
S      661    83.34703487344086   0.9966047904454172 
R      660 0
S      662    9.673906303942204   0.7552487030625343 
R      657 1
S      663    57.84827135503292   0.9467451400123537 
R      659 0
S      664    3.585987305268645   0.8815715801902115 
R      663 0
S      665    14.15113830007613   0.7562895379960537 
R      658 0
S      666    1.382603170350194   0.9994192295707762 
R      664 0
S      667    17.14833220466971   0.8160468083806336 
R      662 0
S      668    9.637152682989836   0.9162133899517357 
R      665 0
S      669    19.07250238582492    0.894747497048229 
R      666 1
S      670    5.089283082634211   0.9986788416281343 
R      668 0
S      671    29.00502076372504   0.9701004531234503 
R      667 0
S      672    92.47447634115815   0.6078510261140764 
R      669 0
S      673    25.62626046128571   0.8779127858579159 
R      672 0
S      674    59.43776983767748   0.6696158801205456 
R      670 1
S      675    1.616386231034994   0.8083116915076971 
R      661 0
S      676    38.72156906872988   0.9969759467057884 
R      675 0
S      677    19.97575350105762   0.9496483611874282 
R      677 0
S      678    45.67054421640933   0.9304811106994748 
R      674 0
S      679    15.52915233187377   0.8721478376537561 
R      673 0
S      680    14.56005149520934   0.8691941774450243 
R      676 0
S      681     14.0976695343852    0.880543461535126 
R      679 0
S      682    17.65933777205646   0.6769815008156002 
R      681 0
S      683    1.712554227560759   0.8061294998042285 
R      682 0
S      684    11.30140386521816   0.9837131910026073 
R      678 0
S      685    86.37324571609497   0.6683129407465458 
R      680 0
S      686    12.91068252176046   0.9144507851451635 
R      686 0
S      687    97.17690576799214   0.5161087810993195 
R      684 0
S      688     25.8199994917959   0.7193854372017086 
R      671 0
S      689    87.36839881166816   0.7331076213158667 
R      685 0
S      690    77.11247014813125   0.6496610641479492 
R      689 0
S      691    8.146620821207762   0.9105202099308372 
R      690 0
S      692    18.02032650448382   0.9466797327622771 
R      688 0
S      693    38.11713997274637   0.9705270668491721 
R      687 0
S      694  0.03647422417998314   0.8735020356252789 
R      691 0
S      695    9.151151264086366   0.9368231664411724 
R      683 0
S      696    66.94999760948122   0.7878535068593919 
R      693 0
S      697     5.52295777015388   0.9898916953243315 
R      696 0
S      698    17.74527658708394   0.7837290703319013 
R      694 1
S      699    38.27448394149542   0.9768860065378249 
R      692 0
S      700    59.54638067632915   0.8155622696503997 
R      698 1
S      701    3.688078746199608   0.9463697043247521 
R      699 1
S      702    8.757062489166856   0.9766049585305154 
R      700 0
S      703    9.066122118383646   0.7991852983832359 
R      701 0
S      704   0.6035254802554846   0.7918400247581303 
R      695 0
S      705    1.973572606220841   0.7655287426896393 
R      704 0
S      706     53.4263847861439   0.9062896654941142 
R      703 0
S      707    81.65940595790744   0.9265830363146961 
R      705 0
S      708    4.677192727103829   0.9828029531054199 
R      706 0
S      709    97.86143726669252   0.5411894945427775 
R      697 0
S      710    18.23070864193141   0.8525168802589178 
R      708 0
S      711    96.95928273722529   0.8655510023236275 
R      709 0
S      712    19.19244243763387   0.9238294521346688 
R      707 0
S      713    53.95603971555829   0.7719631725922227 
R      711 0
R      713 1
R      710 1
R      712 0
R      702 0
