N 2
P C
P minmaxInfluence
S        0    1.339100614190102    0.816821844317019 
S        1   0.7107208855450153    0.837476917449385 
S        2    1.733490723185241   0.9079236047342419 
S        3    1.620107662864029    0.831562082655728 
R        2 0
S        4   0.5238238424062729   0.8665674633346498 
R        3 0
S        5    1.759535081684589   0.9277577778324485 
R        1 0
S        6    0.935918141156435   0.9430808581411838 
R        5 0
S        7    1.107709366828203   0.8669992594979704 
R        0 1
S        8    1.828951204195619   0.9494738057255745 
R        7 0
S        9    1.252357224933803   0.9533231911249459 
R        4 0
S       10   0.4911471139639616   0.9163407262414694 
R       10 1
S       11    1.570251125842333   0.8692783505655826 
R        6 1
S       12     1.56804481241852   0.9557855814695358 
R        9 1
S       13    1.619249765761197   0.8090091485530139 
R        8 0
S       14   0.3911633267998695    0.875947547890246 
R       12 0
S       15    1.412248394452035   0.8294189403764904 
R       11 0
S       16   0.5733923176303506    0.875274452380836 
R       15 0
S       17   0.5843866374343634   0.9661219450645149 
R       16 0
S       18    1.984496319666505   0.8202468705363573 
R       14 0
S       19   0.9480157596990466   0.9675930662080645 
R       19 1
S       20   0.1486241389065981   0.9878860102966428 
R       13 1
S       21      1.9146728515625   0.8021804760210216 
R       21 0
S       22    0.210033125244081   0.9246652307920158 
R       17 1
S       23    1.107690914534032   0.9485432497225702 
R       20 0
S       24   0.4701019749045372   0.9534257404506207 
R       23 1
S       25     1.62004660628736   0.8591147418133915 
R       18 0
S       26   0.9448404787108302   0.8362509808503091 
R       22 1
S       27    1.240650600753725   0.9222808710299433 
R       24 1
S       28    1.211965206079185   0.9045440620742738 
R       26 0
S       29    1.024631293490529   0.9691275127232075 
R       25 1
S       30   0.6845217635855079   0.9014952516183258 
R       27 0
S       31    1.442277684807777   0.9410294679924845 
R       28 1
S       32   0.7590122185647488   0.8883446361869574 
R       30 1
S       33  0.06022830214351416   0.9182934492826462 
R       31 1
S       34    1.182574523612857   0.9290644076652825 
R       32 0
S       35   0.4887510780245066   0.9669747973792255 
R       34 0
S       36    1.403828227892518     0.89798204312101 
R       29 1
S       37    1.266627749428153   0.9162837622687221 
R       33 0
S       38    1.127829044125974   0.8908050322905183 
R       38 1
R       35 1
R       37 1
