N 2
P C
P minmaxInfluence
S        0    1.339100614190102    0.816821844317019 
S        1   0.7107208855450153    0.837476917449385 
S        2    1.733490723185241   0.9079236047342419 
S        3    1.620107662864029    0.831562082655728 
R        2 0
S        4   0.5238238424062729   0.8665674633346498 
R        3 0
S        5    1.759535081684589   0.9277577778324485 
R        1 0
S        6    0.935918141156435   0.9430808581411838 
R        5 0
S        7    1.107709366828203   0.8669992594979704 
R        0 1
S        8    1.828951204195619   0.9494738057255745 
R        7 0
S        9    1.252357224933803   0.9533231911249459 
R        4 0
S       10   0.4911471139639616   0.9163407262414694 
R       10 1
S       11    1.570251125842333   0.8692783505655826 
R        6 1
S       12     1.56804481241852   0.9557855814695358 
R        9 1
S       13    1.619249765761197   0.8090091485530139 
R        8 0
S       14   0.3911633267998695    0.875947547890246 
R       12 0
S       15    1.412248394452035   0.8294189403764904 
R       11 0
S       16   0.5733923176303506    0.875274452380836 
R       15 0
S       17   0.5843866374343634   0.9661219450645149 
R       16 0
S       18    1.984496319666505   0.8202468705363573 
R       14 0
S       19   0.9480157596990466   0.9675930662080645 
R       19 1
S       20   0.1486241389065981   0.9878860102966428 
R       13 1
S       21      1.9146728515625   0.8021804760210216 
R       21 0
S       22    0.210033125244081   0.9246652307920158 
R       17 1
S       23    1.107690914534032   0.9485432497225702 
R       20 0
S       24   0.4701019749045372   0.9534257404506207 
R       23 1
S       25     1.62004660628736   0.8591147418133915 
R       18 0
S       26   0.9448404787108302   0.8362509808503091 
R       22 1
S       27    1.240650600753725   0.9222808710299433 
R       24 1
S       28    1.211965206079185   0.9045440620742738 
R       26 0
S       29    1.024631293490529   0.9691275127232075 
R       25 1
S       30   0.6845217635855079   0.9014952516183258 
R       27 0
S       31    1.442277684807777   0.9410294679924845 
R       28 1
S       32   0.7590122185647488   0.8883446361869574 
R       30 1
S       33  0.06022830214351416   0.9182934492826462 
R       31 1
S       34    1.182574523612857   0.9290644076652825 
R       32 0
S       35   0.4887510780245066   0.9669747973792255 
R       34 0
S       36    1.403828227892518     0.89798204312101 
R       29 1
S       37    1.266627749428153   0.9162837622687221 
R       33 0
S       38    1.127829044125974   0.8908050322905183 
R       38 1
R       35 1
R       37 1
S       39    1.135289217345417   0.9696965767070651 
S       40   0.6325413295999169   0.9352680807933211 
S       41    1.072331772185862    0.956341948080808 
R       39 1
S       42   0.7007042625918984   0.9089983817189932 
R       41 1
S       43  0.03145294543355703   0.9956181517802178 
R       36 1
S       44    1.248957033269107   0.8949016166850925 
R       44 1
S       45    1.769968250766397   0.8738932619802654 
R       40 1
S       46    0.650061871856451   0.9470722821541131 
R       43 1
S       47    1.201379870995879   0.9335996699519455 
R       46 0
S       48    1.385122137144208   0.9418177471496165 
R       47 0
S       49    1.547103475779295   0.9397530045360327 
R       49 0
S       50    0.561781594529748   0.9686284432187676 
R       42 1
S       51   0.7255321471020579   0.9334506309591234 
R       51 1
S       52    1.591858803294599   0.8193068708293141 
R       50 1
S       53    1.705107399262488    0.871928283199668 
R       45 0
S       54    1.102526091039181   0.9397151602432132 
R       48 1
S       55   0.5506158601492643   0.9866470526903868 
R       53 1
S       56    0.431640756316483   0.9698780605569481 
R       52 1
S       57   0.6680463263764977    0.966951294336468 
R       56 1
S       58    1.150159898214042   0.9165403177961707 
R       54 1
S       59   0.1763773337006569   0.9773539185523987 
R       58 1
S       60   0.8923050817102194   0.9294722466729581 
R       59 1
S       61   0.7765026204288006   0.9294031058438122 
R       60 1
S       62    0.956365498714149   0.8815585486590862 
R       61 1
S       63    1.004194264300168   0.9704237956553697 
R       62 0
S       64   0.5294093722477555   0.9793897019699216 
R       57 1
S       65   0.6117835370823741   0.9301320859231055 
R       63 0
S       66    1.170867580920458   0.9366922709159553 
R       55 1
S       67   0.7310856394469738    0.953383881598711 
R       65 1
S       68   0.1911267638206482   0.9668384895659983 
R       64 1
S       69    1.756347980350256   0.8827839761041105 
R       67 1
S       70   0.8560567339882255   0.9659411048516631 
R       68 1
S       71   0.3594754934310913   0.9374555944465101 
R       69 1
S       72   0.6380348494276404   0.9169583790935576 
R       66 1
S       73     1.22362482920289   0.9437831700779498 
R       71 1
S       74   0.6755637023597956    0.973155134730041 
R       74 1
S       75  0.03992518875747919   0.9739745243452489 
R       72 1
S       76    1.126948143355548    0.920038926973939 
R       70 1
S       77    1.001008730381727   0.9120446716435254 
R       73 1
S       78   0.4890056885778904   0.9074312541633844 
R       76 1
S       79   0.1283618314191699   0.9609922946430742 
R       77 1
S       80   0.6860969047993422   0.9100986709818244 
R       75 0
S       81     1.48288169875741   0.8700098766945303 
R       78 1
S       82   0.2878378545865417   0.9340959973633289 
R       80 1
S       83     1.06685908138752   0.9326698469929398 
R       81 1
S       84    1.179737824946642   0.9087092147208751 
R       83 1
S       85    1.100894923321903   0.9347174320369959 
R       82 1
S       86  0.04447302874177694   0.9917708271183073 
R       79 1
S       87   0.4087185943499207   0.9117498703300954 
R       85 1
S       88   0.7320088939741254   0.9321530281566084 
R       84 1
S       89   0.6363883744925261   0.9707312111742794 
R       88 1
S       90   0.5879061333835125   0.8574599213898182 
R       87 1
S       91   0.7093754475936294   0.9096099124290049 
R       89 0
S       92   0.1378055904060602   0.9735827032476664 
R       90 1
S       93   0.4117989214137197   0.9180172877386212 
R       93 1
S       94   0.2189387353137136   0.9238542851060629 
R       94 1
S       95    1.056058923713863   0.9264241337776185 
R       95 1
S       96   0.2547674225643277   0.9758197227492929 
R       92 1
S       97   0.7633618479594588   0.9573972002603114 
R       86 1
S       98    1.036952970549464   0.9730673321522773 
R       98 1
S       99   0.2665480561554432   0.9691508809104562 
R       97 1
S      100   0.4597049532458186   0.9316849491558969 
R       91 1
S      101   0.8955921502783895   0.9454195130616426 
R      100 1
S      102    0.536619576625526   0.9301601915620268 
R      101 0
S      103   0.6522503420710564   0.9102833917364478 
R      102 1
S      104   0.2071044035255909   0.9948262552730739 
R       99 1
S      105   0.3985269945114851   0.9075157064013183 
R      105 1
S      106    1.349268974736333   0.9410776310600341 
R       96 1
S      107    0.636733821593225   0.9356241379864514 
R      103 1
S      108   0.7297673169523478   0.8884464261122048 
R      108 0
S      109   0.6998280100524426    0.934504868183285 
R      107 1
S      110   0.6668835831806064   0.9888588621281087 
R      104 1
S      111     1.15445757098496   0.9205260495655239 
R      109 1
S      112   0.6140519846230745   0.9449260634370148 
R      106 0
S      113   0.1584630142897367   0.9495583781041205 
R      110 1
S      114   0.5266743553802371   0.9647765167988837 
R      112 1
S      115    0.464085279032588   0.9179078726097941 
R      113 1
S      116   0.6353784203529358   0.9128466010093689 
R      115 0
S      117   0.7054383894428611   0.9108479924499989 
R      116 1
S      118   0.4878257419914007   0.9222309675998985 
R      111 1
S      119   0.8237855657935143   0.9139377768151462 
R      117 1
S      120    1.018834470771253    0.911187101341784 
R      114 1
S      121   0.2645514672622085   0.9689197164960206 
R      118 1
S      122   0.5021670470014215   0.9949621305800974 
R      120 0
S      123  0.04105100035667419   0.9415410524234176 
R      121 1
S      124   0.7685795230790973   0.9915518999099732 
R      119 1
S      125    0.159297957085073   0.9891215596348047 
R      124 1
S      126    0.668133120983839   0.9098048997111619 
R      126 1
S      127   0.9041260667145252    0.970414306409657 
R      123 0
S      128     0.87307742331177   0.9620094673708082 
R      127 1
S      129   0.7904153084382415     0.94544000569731 
R      129 1
S      130   0.4961787117645144   0.9872790873982012 
R      125 1
R      122 1
R      130 1
S      131    0.912294409237802   0.9241504760459065 
S      132     1.37605064548552   0.9656442728824913 
S      133   0.7171512544155121   0.9454945244826376 
R      133 1
S      134    1.109029479324818   0.9996539517305791 
R      128 1
S      135   0.4877674635499716   0.9847094484604895 
R      131 1
S      136   0.8461738610640168    0.913115527573973 
R      134 1
S      137   0.4441429795697331   0.9443044223822653 
R      136 1
S      138   0.6510172197595239   0.9495648575946689 
R      135 1
S      139    1.145198881626129   0.9338074679486453 
R      132 1
S      140    1.068685114383698   0.9714072172529995 
R      138 1
S      141    1.164055585861206   0.9850355809554457 
R      139 1
S      142   0.3179411711171269   0.9353837840259075 
R      141 1
S      143    1.016053521074355   0.9782091788947582 
R      142 1
S      144   0.8129452522844076   0.9261249016039074 
R      140 1
S      145   0.2852862002328038   0.9766012497246266 
R      137 1
S      146   0.7150056920945644   0.8864226600155235 
R      143 1
S      147   0.2502827690914273   0.9235667317174375 
R      144 0
S      148   0.8575208922848105   0.9614572733640671 
R      145 1
S      149    1.068609664216638   0.9821220558136702 
R      148 1
S      150   0.2809791965410113   0.9484576126560569 
R      149 1
S      151   0.7697866642847657    0.950357133615762 
R      146 1
S      152   0.7372819604352117   0.9908565165475011 
R      151 1
S      153   0.9303931845352054   0.9823513475246728 
R      150 1
S      154    1.322766356170177   0.9353272506035865 
R      152 1
S      155  0.08668244443833828   0.9710882521234453 
R      154 1
S      156   0.7583354460075498    0.910572817362845 
R      153 1
S      157   0.8102086558938026   0.9644705182872713 
R      157 1
S      158   0.5709916716441512   0.9882940471172332 
R      156 1
S      159   0.8588199000805616   0.9151361470110715 
R      159 1
S      160    0.732521622441709   0.9650288802571595 
R      160 1
S      161   0.3708322150632739   0.9652492581866682 
R      155 0
S      162   0.6332369763404131   0.9093499624170364 
R      158 0
S      163   0.8592961728572845   0.9573762224987149 
R      147 1
S      164     1.07075416482985   0.9278434936888516 
R      162 1
S      165   0.4857903299853206    0.976519444398582 
R      164 1
S      166   0.8731683874502778   0.9291522730141878 
R      166 1
S      167   0.5417631743475795   0.9620842857286334 
R      163 1
S      168   0.4443435575813055   0.9206610462628305 
R      165 1
S      169   0.9828116847202182   0.9235528418794274 
R      168 1
S      170    1.306470276787877   0.9426779974251985 
R      161 1
S      171   0.4875900121405721   0.8513220310211183 
R      167 0
S      172   0.3527062851935625   0.9784077604301273 
R      171 0
S      173   0.5330220870673656   0.9218592970632017 
R      170 1
S      174   0.2809628508985043   0.9928258877247572 
R      173 1
S      175   0.4835501872003078   0.9109226466156543 
R      174 1
S      176    0.578067877329886   0.9113385874778033 
R      169 1
S      177   0.7232405189424753   0.9169155596755445 
R      172 1
S      178   0.1495706019923091    0.978903496824205 
R      175 0
S      179   0.9744866956025362   0.9571957631967962 
R      177 1
S      180   0.5752683505415916   0.9685113364830613 
R      179 0
S      181   0.5164511408656836   0.9827618174254894 
R      176 1
S      182   0.7969192285090685   0.9088283103890717 
R      180 1
S      183   0.7614616397768259   0.9845594584941864 
R      181 1
S      184   0.9300880059599876   0.9922908505424857 
R      184 1
S      185   0.6654743682593107   0.9526258510537445 
R      183 1
S      186   0.5498426174744964   0.9196978016756475 
R      178 1
S      187   0.3513778056949377   0.9757663672789931 
R      185 1
S      188    1.120455654338002   0.9663851767778396 
R      182 0
S      189    1.096925188787282   0.9583019553683698 
R      186 1
S      190    1.052830362692475   0.9662691571749746 
R      187 1
S      191   0.7538662608712912   0.9199536220170558 
R      190 1
S      192   0.8398029915988445   0.9535056797787547 
R      188 1
S      193   0.7134840125218034   0.9652395618148149 
R      189 1
S      194  0.09979739971458912   0.9404990137554705 
R      191 1
S      195   0.2713808817788959   0.9848315361887217 
R      192 1
S      196   0.8791481330990791   0.9748832136392593 
R      195 1
S      197   0.5334656080231071   0.9961422888562084 
R      197 1
S      198    1.258747546002269   0.9255502232350409 
R      193 1
S      199  0.05372888315469027   0.9763100526295603 
R      194 0
S      200   0.6633873963728547   0.9489722676575184 
R      198 1
S      201     1.15624504443258   0.9624163844622672 
R      199 1
S      202  0.05777608044445515   0.9683859866112471 
R      201 1
S      203    1.081083097495139   0.8978147794492543 
R      200 1
S      204   0.8978268727660179   0.9954088726080954 
R      204 1
S      205    1.104180159978569   0.9678366109728813 
R      196 1
S      206    1.222534269094467   0.9692021539434791 
R      203 1
S      207   0.8382883314043283   0.8823070262558759 
R      205 1
S      208   0.7439735094085336   0.8939471018500627 
R      202 1
S      209   0.3877575797960162   0.9986499642953277 
R      208 1
S      210   0.6319351252168417   0.9851873433217406 
R      209 1
S      211   0.2332172682508826   0.9943424047902226 
R      207 1
S      212   0.6337304059416056   0.9610362031497062 
R      212 1
S      213   0.7662433814257383    0.972700675483793 
R      206 1
S      214   0.4090416077524424   0.9633350611664355 
R      213 1
S      215    1.478624369949102    0.933679572865367 
R      210 1
S      216   0.1608965322375298   0.9969438169151544 
R      214 1
S      217   0.2864076411351562   0.9938748055137694 
R      211 1
S      218   0.3074003253132105   0.9379419814795256 
R      215 1
S      219   0.5062996512278914   0.9621747985482216 
R      217 1
S      220   0.9202244430780411   0.9933020925149322 
R      219 1
S      221   0.8767055487260222   0.9878119053319097 
R      218 0
S      222   0.9875057637691498   0.9963212792761624 
R      216 0
S      223    1.311950008384883   0.9595762426033616 
R      220 1
S      224   0.5812903782352805   0.9504349519498646 
R      223 1
S      225    0.636826366186142   0.9079240136779845 
R      222 1
S      226    0.367426373064518   0.9789547734893859 
R      226 1
S      227   0.7175601227208972   0.9977674069814384 
R      224 1
S      228    0.408383977599442   0.9360276943072676 
R      228 1
S      229   0.5498192273080349   0.9668888263404369 
R      221 1
S      230   0.3747305693104863   0.9450663453899324 
R      225 1
S      231     0.99564144667238   0.9324968150816858 
R      227 1
S      232   0.7970052324235439   0.9724783713929355 
R      231 1
S      233   0.9051655977964401   0.9335145409218967 
R      229 1
S      234   0.5952903991565108   0.9213772828690707 
R      233 1
S      235   0.8660964639857411   0.9789282073266804 
R      234 1
S      236   0.8344526952132583   0.9916305636987091 
R      230 1
S      237   0.4332633838057518   0.9541457404382527 
R      232 1
S      238   0.8966586114838719   0.9772400384768843 
R      237 1
S      239    1.128912261687219   0.9004840339533985 
R      236 1
S      240   0.8493011565878987   0.9421685227192939 
R      239 1
S      241   0.8225663909688592   0.8845900796353817 
R      240 1
S      242   0.3984752269461751   0.9387241900898516 
R      238 1
S      243    1.318098261021078    0.967510483879596 
R      242 0
S      244    1.032318083569407   0.8922257826663554 
R      235 1
S      245    1.247731836512685   0.9325603780336678 
R      244 1
S      246   0.9365171752870083   0.8769521695561707 
R      241 1
S      247   0.2303170654922724   0.9222758745774626 
R      243 1
S      248   0.6066285502165556   0.9770123760215939 
R      245 1
S      249   0.1173019334673882   0.9587677861563861 
R      246 1
S      250   0.7231566132977605   0.9950332445092499 
R      248 1
S      251    0.878554661758244   0.9809761689975858 
R      249 0
S      252   0.3199326358735561   0.9569692702963948 
R      251 1
S      253   0.7661039112135768   0.9598488369956613 
R      252 1
S      254   0.5648441333323717   0.9618626195006073 
R      250 1
S      255   0.6172471540048718   0.9819357867352665 
R      254 1
S      256    1.000031867995858   0.9870149930007756 
R      253 1
S      257   0.6940750516951084   0.9034985003061593 
R      255 1
S      258    1.215454747900367   0.9272015505470336 
R      256 1
S      259  0.07878094632178545    0.983990672044456 
R      257 1
S      260    0.917184317484498   0.8561100856401027 
R      259 1
S      261   0.1289208550006151   0.9925677190534771 
R      247 1
S      262    1.197997568175197   0.9434309239499271 
R      261 1
S      263    0.698126882314682   0.9893642311915756 
R      260 1
S      264    1.544465051963925    0.848480570781976 
R      262 1
S      265    1.199087151326239   0.9550529822707177 
R      258 1
S      266     1.19906722381711   0.9134599565528333 
R      264 1
S      267   0.9284539632499218   0.9858015375211835 
R      266 1
S      268   0.2618644656613469   0.9617096533998847 
R      265 1
S      269   0.4517961796373129   0.9279049510136247 
R      267 1
S      270   0.8717698026448488   0.9765700560994446 
R      269 1
S      271   0.6331804795190692   0.9673208842985332 
R      268 1
S      272   0.4056881349533796   0.9681402703747153 
R      270 1
S      273   0.8859951067715883   0.9564228392206132 
R      271 1
S      274   0.8123438498005271   0.9977313674055039 
R      263 1
S      275   0.8063254002481699   0.9734440689906478 
R      275 1
S      276    1.399388304911554   0.9276359165087342 
R      276 1
S      277   0.4057019613683224   0.9651980364695192 
R      274 1
S      278   0.5359445065259933   0.9687114483676851 
R      273 1
S      279   0.5798556283116341   0.9541900279000401 
R      278 1
S      280    1.142179113812745   0.9631370465271175 
R      272 1
S      281   0.8689046418294311   0.9999531656503677 
R      279 1
S      282   0.3886435702443123   0.9083147409372032 
R      280 0
S      283    1.023706151172519   0.9035608155652881 
R      277 1
S      284    1.161678684875369   0.9913573853671551 
R      283 1
S      285    0.405835160985589   0.9946812121197581 
R      284 1
S      286   0.5097794448956847   0.9637934904545545 
R      281 0
S      287   0.2357915956526995   0.9768812007270753 
R      285 1
S      288   0.2248117001727223   0.9728178056888283 
R      287 1
S      289    0.885304955765605   0.9936488303355873 
R      282 1
S      290   0.3458945546299219   0.9840016993694007 
R      288 0
S      291    1.213678258471191   0.8813015893101692 
R      290 1
S      292    1.171155791729689   0.8962197308428586 
R      291 1
S      293   0.6891559176146984    0.892432942148298 
R      286 0
S      294    1.058163893409073   0.9791116217151284 
R      289 1
S      295   0.3127349680289626   0.9859903977252543 
R      292 1
S      296    1.263264478184283   0.9731488754972816 
R      295 1
S      297    1.010388497263193   0.8540089531801641 
R      294 1
S      298    0.538542608730495   0.9420450836420059 
R      297 1
S      299   0.9595499262213707   0.8354353724978865 
R      298 1
S      300   0.9584476007148623   0.8720203042030334 
R      293 1
S      301   0.6076812278479338   0.9881924830377102 
R      296 1
S      302   0.7167245475575328    0.996013003308326 
R      301 1
S      303   0.5231219409033656   0.9528514091856778 
R      303 1
S      304   0.3916085036471486   0.9697643949650228 
R      299 1
S      305    0.725752248428762   0.9752624415792525 
R      304 1
S      306   0.5211149053648114   0.9381437671370805 
R      302 1
S      307    1.308986628428102   0.9299100914038718 
R      305 1
S      308    1.362096527591348   0.8736111987382174 
R      300 1
S      309   0.7470448426902294   0.9711130484938622 
R      306 1
S      310    1.090089598670602   0.9671205154620111 
R      307 1
S      311    0.165638605132699   0.9972525357268751 
R      310 1
S      312   0.5393898775801063   0.9583842528052628 
R      311 0
S      313    0.604364369995892   0.9450215514749288 
R      308 1
S      314   0.2063507679849863   0.9619041002355516 
R      313 1
S      315   0.9262503748759627   0.9707690350711345 
R      314 1
S      316   0.4378984943032265   0.9855903001502156 
R      309 1
S      317   0.6090798443183303   0.9203019789420068 
R      315 1
S      318    1.130821596831083   0.9387231326662004 
R      316 1
S      319    1.047680825926363   0.9770557635463775 
R      312 1
S      320   0.2348888870328665   0.9506356884725392 
R      317 1
S      321   0.8508428381755948     0.94856570167467 
R      319 1
S      322    1.004391980357468   0.9257040370255709 
R      321 1
S      323   0.2435033144429326   0.9741116142831743 
R      318 1
S      324    1.099445114843547   0.9454867552034557 
R      324 1
R      322 1
R      320 1
S      325     0.17550088185817   0.9945524801500142 
S      326    0.587977577932179   0.9400963319465518 
R      325 1
S      327    1.008908061310649   0.9098419594578445 
R      323 0
S      328   0.3543544467538595   0.9406234287656844 
R      326 1
S      329   0.5303630083799362   0.9532475096173585 
R      327 1
S      330    1.261546506546438   0.9051270246505737 
R      328 0
S      331   0.8261472657322884   0.9636472373269498 
R      331 1
R      330 1
R      329 1
S      332     0.17550088185817   0.9945524801500142 
S      333    0.587977577932179   0.9400963319465518 
S      334    1.008908061310649   0.9098419594578445 
R      333 1
S      335   0.5843412978574634   0.9406234287656844 
R      335 1
S      336   0.5303630083799362   0.9532475096173585 
R      334 1
S      337    1.261546506546438   0.9051270246505737 
R      336 1
S      338   0.8261472657322884   0.9636472373269498 
R      338 1
S      339   0.7026907671242952   0.9964949424378574 
R      339 1
S      340   0.5079889157786965   0.9394858993589879 
R      337 1
S      341   0.5977954231202602   0.9395590664818882 
R      332 1
S      342   0.3028904609382153   0.9504957943223417 
R      340 1
S      343    1.066883865743876   0.9717699442990124 
R      341 1
S      344     1.36841123085469   0.8778549053706229 
R      344 1
S      345   0.7766837840899825   0.9749996419996023 
R      343 1
S      346   0.6441560033708811   0.8942082532681525 
R      345 1
S      347    1.013575566001236   0.9188406425528228 
R      342 1
S      348   0.9661647574976087    0.934893321339041 
R      347 1
S      349   0.9166898112744093   0.9851133398711681 
R      348 1
S      350   0.4229134758934379   0.9420651559717953 
R      349 0
S      351   0.9458343125879765   0.9792322559282184 
R      346 1
S      352   0.6068814666941762   0.9532892775721848 
R      351 1
S      353    1.140337496064603    0.975991471670568 
R      352 0
S      354    1.188895067200065    0.924470023997128 
R      350 1
S      355   0.9028908032923937   0.9980009113438427 
R      353 1
S      356   0.4940093820914626   0.9528599690645934 
R      356 1
S      357   0.4483847348019481   0.9472914359532296 
R      355 1
S      358   0.3977621421217918   0.9395316801033914 
R      357 1
S      359   0.7715625455603004   0.9818944228813052 
R      358 1
S      360   0.5968153569847345   0.9821220496669412 
R      354 1
S      361   0.5498364372178912   0.9736762923188508 
R      360 1
S      362   0.5413108617067337   0.9527684890665113 
R      359 1
S      363    1.174158283509314   0.9255787733010947 
R      362 0
S      364   0.6982424957677722   0.9986302541568876 
R      361 1
S      365    1.334643490612507   0.8923426982946694 
R      363 1
S      366   0.9401211030781269   0.9458776518702507 
R      364 1
S      367   0.5108055649325252    0.936287672072649 
R      366 1
S      368    0.651853428222239   0.9499595210887491 
R      368 1
S      369    1.349462395533919   0.9639939174987375 
R      367 1
S      370   0.4601696226745844   0.9853794286958873 
R      365 1
S      371   0.5095471274107695   0.9840384647250175 
R      370 1
S      372    1.085400510579348   0.9443312647752464 
R      371 1
S      373    1.467559986747801   0.8987450228072703 
R      369 1
S      374   0.5509072868153453   0.9482352834194898 
R      374 1
S      375   0.7103674588724971   0.8610009207390249 
R      373 0
S      376   0.5694080553948879   0.9342861892655492 
R      375 1
S      377   0.2256946749985218   0.9858023738488555 
R      376 1
S      378   0.6571525456383824   0.9881743452511728 
R      378 1
S      379   0.8766640890389681    0.872187298629433 
R      379 0
S      380   0.5034716678783298   0.9342912760563195 
R      377 1
S      381    1.074386510998011   0.9206035980023444 
R      380 1
S      382    1.344737854786217   0.9087554167024792 
R      372 1
S      383    1.087040795013309     0.92900854004547 
R      381 1
S      384   0.9396428959444165   0.9655635504983365 
R      383 1
S      385   0.5625438885763288    0.956481593195349 
R      382 1
S      386    1.082501429133117   0.8868501521646976 
R      385 1
S      387   0.6185460612177849   0.9391893230378627 
R      387 1
S      388    1.279762911610305   0.9152658542618156 
R      386 1
S      389    1.111638865433633   0.9682627454400062 
R      384 1
S      390   0.9014094350859523   0.9372024849057198 
R      388 1
S      391   0.5739405248314142   0.9491401347331703 
R      391 1
S      392    1.245974164456129   0.9527613488025963 
R      390 1
S      393   0.7366215838119388   0.9230945883318782 
R      392 0
S      394   0.8287944933399558   0.9927624828182161 
R      389 1
S      395   0.2845997177064419   0.9854322752915323 
R      395 1
S      396   0.9217349020764232   0.9926704794168473 
R      396 0
S      397   0.4353162031620741   0.9689986769109964 
R      393 1
S      398   0.9122429005801678   0.9011256691068411 
R      394 1
S      399    1.035445458255708   0.9366793506778777 
R      397 1
S      400    1.042525138705969   0.9979454269632697 
R      399 1
S      401    1.075134981423616   0.8944166121073067 
R      400 1
S      402   0.6131153870373964   0.9800198059529066 
R      398 1
S      403   0.7235763352364302   0.9267380554229021 
R      402 1
S      404   0.3850486604496837   0.9935495183803141 
R      401 1
S      405   0.4485916625708342   0.9863687054254114 
R      403 1
S      406    1.048719336278737   0.8983079799450934 
R      406 1
S      407   0.9841436706483364   0.9633773040026427 
R      404 0
S      408   0.3056440558284521   0.9914471467025578 
R      407 1
S      409   0.9914724631235003    0.988054089806974 
R      405 1
S      410   0.5001604333519936   0.9221028548665344 
R      409 1
S      411   0.8858473040163517   0.9451418119482696 
R      410 1
S      412     1.39258021209389   0.8857806885614992 
R      408 1
S      413   0.5681922445073724   0.9295015088282526 
R      411 1
S      414    1.059307380579412    0.982342707272619 
R      412 1
S      415   0.6472847014665604   0.9776342094875872 
R      415 1
S      416   0.4390475312247872   0.9281103134155273 
R      414 1
S      417   0.3210182823240757   0.9998834874480963 
R      416 1
S      418   0.8619100246578455   0.9966942329891026 
R      413 1
S      419    1.168670599348843   0.9158382876776159 
R      417 1
S      420    0.945328357629478   0.9856793598271907 
R      419 1
S      421    1.209778185002506   0.9647622641175986 
R      420 1
S      422   0.5315333940088749   0.9997038144618273 
R      418 1
S      423   0.8633979577571154   0.9681258943863214 
R      421 1
S      424   0.7959197638556361   0.9265845217742026 
R      423 1
S      425     1.50810173060745   0.9061270670965315 
R      422 1
S      426    1.343308158218861   0.8969611559063196 
R      425 1
S      427   0.8315432826057076   0.9714679017663002 
R      426 1
S      428    1.238654017448425   0.8710827521979809 
R      427 1
S      429   0.8214134108275175   0.9131121727637946 
R      429 1
S      430   0.5082888081669807   0.9624210837297141 
R      424 1
S      431   0.8593382984399796   0.9672287626191973 
R      430 1
S      432   0.8619457166641951   0.9200653283856809 
R      428 1
S      433   0.8628373835235834   0.9866441212594509 
R      433 1
S      434   0.3872138243168592     0.97322000823915 
R      432 1
S      435    0.924861834384501   0.9806541932746768 
R      431 1
S      436    1.046444323845208   0.9709256852976977 
R      434 1
S      437   0.3828637721017003    0.989648911729455 
R      436 1
S      438   0.9733816487714648   0.9770008659921586 
R      435 1
S      439   0.7478914884850383   0.9937664838507771 
R      437 1
S      440   0.9014952192083001    0.913701970782131 
R      438 1
S      441   0.6451561953872442   0.9538325062952936 
R      439 1
S      442   0.4854402001947165   0.9524421978741884 
R      441 1
S      443    1.129655123688281   0.9444659484550357 
R      443 1
S      444     1.27551837079227    0.908190849237144 
R      442 1
S      445   0.5429948884993792   0.9634206688031555 
R      445 1
S      446      1.0792745212093   0.9356303092092275 
R      440 1
S      447   0.9728254685178399    0.964831342920661 
R      444 1
S      448   0.9498188057914376    0.925106861628592 
R      446 1
S      449   0.7527575120329857   0.8958159767091275 
R      449 1
S      450   0.5752814253792167   0.9200838601216674 
R      447 1
S      451   0.8934168582782149    0.986768443416804 
R      450 0
S      452   0.3983031958341599   0.9534366551786662 
R      452 1
S      453   0.7054641516879201   0.9887427804991603 
R      451 1
S      454    1.238335297442973   0.9052867717109621 
R      453 1
S      455   0.7732159644365311   0.9363112693652511 
R      448 1
S      456   0.6313755866140127   0.9207346540875733 
R      456 1
S      457   0.9381378693506122   0.9067699175328017 
R      457 1
S      458    0.362648444250226   0.9592256039381027 
R      454 1
S      459   0.8489068858325481   0.9784948960877955 
R      455 1
S      460   0.5265851803123951   0.9274060460738838 
R      459 1
S      461   0.6411826368421316   0.9405614648014307 
R      460 1
S      462    1.054273910820484   0.9103073949925602 
R      461 1
S      463    1.146094341762364   0.9001693026162684 
R      458 1
S      464   0.3758057532832026   0.9865481256507337 
R      463 1
S      465   0.5252087423577905    0.974391992483288 
R      462 1
S      466   0.5052923811599612   0.9958785579539835 
R      465 1
S      467    1.017829242162406   0.8980542398057878 
R      466 1
S      468   0.4004178578034043   0.9889259821735322 
R      464 1
S      469    1.060665760189295   0.9047548952512443 
R      467 1
S      470   0.8776899026706815   0.8910213656723499 
R      469 1
S      471   0.7568391552194953   0.9882021086290479 
R      468 1
S      472    1.001599177718163   0.9066833429969847 
R      472 1
S      473    1.383656297810376   0.9015553941950202 
R      471 1
S      474   0.5686667393893003   0.9770417712628842 
R      470 0
S      475    1.047988198697567   0.9580248434096574 
R      474 1
S      476    1.190947624854743   0.9178491444326937 
R      475 1
S      477   0.5090346094220877   0.9590059675276279 
R      476 1
S      478   0.4865087978541851   0.9801132743246853 
R      473 1
S      479   0.5010114246979356   0.9465550540946424 
R      478 1
S      480   0.9564690813422203   0.8867691659368575 
R      479 1
S      481    0.306865856051445   0.9546693064272403 
R      477 1
S      482    1.084710970520973   0.9071334898471832 
R      480 1
S      483    1.131025752983987   0.9541460708715022 
R      481 1
S      484   0.6951324539259076   0.9936357321217656 
R      482 1
S      485   0.9430629210546613   0.9647276380099357 
R      483 1
S      486  0.07236673124134541   0.9977220311760903 
R      484 1
S      487   0.4935279684141278   0.9470999748446047 
R      487 1
S      488    1.347367939539254   0.9220794145017862 
R      485 1
S      489    1.044479822739959   0.9653963144868613 
R      486 1
S      490   0.8626439943909645   0.9394452336244286 
R      488 1
S      491   0.5190044371411204    0.971934091579169 
R      490 1
S      492   0.6634079469367862   0.9841318770311773 
R      489 1
S      493   0.4836971377953887   0.9459556643851101 
R      492 1
S      494   0.9402554407715797   0.9026283338665962 
R      491 1
S      495   0.6905116094276309   0.9883354723453521 
R      495 1
S      496   0.4311233572661877   0.9913398417644202 
R      493 0
S      497   0.5823155241087079   0.9723353641107678 
R      494 1
S      498   0.8353607608005404   0.9071126955561341 
R      496 1
S      499   0.7341277534142137   0.9567318555898965 
R      497 1
S      500    0.390715854242444   0.9917152877897024 
R      498 1
S      501   0.7268438739702106   0.9304977533407509 
R      499 1
S      502   0.5788250165060163   0.9988900600932539 
R      501 1
S      503     0.81317297834903   0.9569480490870774 
R      503 1
S      504   0.6472674971446395   0.9551376814953982 
R      504 1
S      505    1.220191215164959   0.9732432016171515 
R      500 1
S      506    1.010745112784207   0.9179022586904466 
R      506 1
S      507   0.8897039843723178   0.9460918292403221 
R      505 1
S      508   0.7821251107379794   0.9157975189387798 
R      502 1
S      509   0.7625903617590666   0.9357922204770148 
R      509 1
S      510    1.004499290138483   0.9155919943936169 
R      508 1
S      511   0.4807908134534955   0.9790864186361432 
R      510 1
S      512   0.4388055196031928   0.9631898546591401 
R      511 1
S      513   0.7899541622027755   0.9648320169188083 
R      512 1
S      514    1.288064168766141   0.9234414239414036 
R      507 0
S      515    1.243134620599449   0.9447392972186208 
R      513 1
S      516   0.6558833438903093   0.9572855598293245 
R      514 1
S      517   0.8239982286468148   0.9442721035331487 
R      517 1
S      518   0.5330577716231346   0.9901942553929984 
R      515 1
S      519   0.4834166634827852   0.9812474502250552 
R      516 1
S      520   0.8509755916893482   0.9933509963564575 
R      520 0
S      521    1.421922190114856   0.8960999333299696 
R      518 1
S      522    1.222334799356759   0.9204886102117598 
R      519 1
S      523   0.7852846877649426   0.9456745338626206 
R      522 1
S      524    1.321288422681391   0.8934509313665331 
R      523 1
S      525    1.164470043033361   0.9015939389355481 
R      524 1
S      526   0.7031791498884559   0.9867199473083019 
R      521 1
S      527    1.007327456027269   0.9079162648878992 
R      526 1
S      528    0.599569721147418   0.9637572015635669 
R      525 1
R      528 1
R      527 1
S      529     0.17550088185817   0.9945524801500142 
S      530    0.587977577932179   0.9400963319465518 
S      531   0.6557630812749267   0.9098419594578445 
R      530 1
S      532   0.5843412978574634   0.9406234287656844 
R      532 1
S      533   0.5303630083799362   0.9532475096173585 
R      533 1
S      534    1.261546506546438   0.9051270246505737 
R      531 1
S      535   0.8261472657322884   0.9636472373269498 
R      529 0
S      536   0.7026907671242952   0.9964949424378574 
R      536 1
S      537   0.5079889157786965   0.9394858993589879 
R      535 1
S      538   0.5977954231202602   0.9395590664818882 
R      534 1
S      539   0.3723333235830069   0.9504957943223417 
R      537 1
S      540   0.3534706039354205   0.9991197888739407 
R      538 1
S      541     1.36841123085469   0.9178180254064501 
R      540 1
S      542   0.7766837840899825   0.9749996419996023 
R      541 1
S      543    1.377335069701076   0.8942082532681525 
R      543 1
S      544    1.013575566001236   0.9188406425528228 
R      539 1
S      545   0.9661647574976087    0.934893321339041 
R      542 1
S      546   0.9166898112744093   0.9851133398711681 
R      544 1
S      547   0.4229134758934379   0.9420651559717953 
R      546 0
S      548   0.9458343125879765   0.9792322559282184 
R      545 1
S      549   0.6068814666941762   0.9532892775721848 
R      548 1
S      550   0.5683554252609611    0.975991471670568 
R      547 1
S      551    1.188895067200065    0.924470023997128 
R      551 1
S      552   0.2809760086238384   0.9980009113438427 
R      549 1
S      553   0.4940093820914626   0.9747786858119071 
R      550 1
S      554   0.4483847348019481   0.9472914359532296 
R      553 1
S      555   0.3977621421217918   0.9395316801033914 
R      554 1
S      556   0.8110819114372134   0.9818944228813052 
R      552 1
S      557   0.5968153569847345   0.9821220496669412 
R      555 1
S      558   0.5498364372178912   0.9736762923188508 
R      556 1
S      559   0.5413108617067337   0.9527684890665113 
R      559 0
S      560    1.174158283509314   0.9255787733010947 
R      557 1
S      561   0.6982424957677722   0.9986302541568876 
R      558 1
S      562    1.334643490612507   0.8923426982946694 
R      562 1
S      563   0.9401211030781269   0.9458776518702507 
R      560 1
S      564   0.8564541153609753    0.936287672072649 
R      561 1
S      565    0.651853428222239   0.9499595210887491 
R      563 0
S      566   0.4307451732456684   0.9639939174987375 
R      566 1
S      567    1.256941677071154   0.8704269732348622 
R      565 0
S      568   0.5095471274107695   0.9840384647250175 
R      564 1
S      569    1.085400510579348   0.9443312647752464 
R      567 1
S      570    1.467559986747801   0.8987450228072703 
R      568 1
S      571   0.5509072868153453   0.9482352834194898 
R      571 1
S      572   0.7103674588724971   0.8610009207390249 
R      569 0
S      573   0.5694080553948879   0.9342861892655492 
R      570 1
S      574   0.2256946749985218   0.9858023738488555 
R      573 1
S      575   0.6571525456383824   0.9881743452511728 
R      572 1
S      576   0.8766640890389681   0.9801070049405098 
R      575 1
S      577   0.5034716678783298   0.9342912760563195 
R      576 1
S      578    1.200802047736943   0.9206035980023444 
R      574 0
S      579   0.5832707490772009   0.9869143771007657 
R      577 1
S      580    1.087040795013309     0.92900854004547 
R      578 1
S      581   0.9396428959444165   0.9655635504983365 
R      581 0
S      582    1.440253025852144   0.8954917213879526 
R      579 1
S      583    1.082501429133117   0.8868501521646976 
R      580 1
S      584   0.6185460612177849   0.9391893230378627 
R      583 1
S      585    1.279762911610305   0.8865284503437579 
R      584 1
S      586    1.111638865433633   0.9682627454400062 
R      585 0
S      587   0.9014094350859523   0.9372024849057198 
R      582 1
S      588   0.5739405248314142   0.9491401347331703 
R      586 1
S      589    1.245974164456129   0.9527613488025963 
R      588 1
S      590   0.7366215838119388   0.9230945883318782 
R      587 1
S      591   0.8287944933399558   0.9540727383457124 
R      590 1
S      592     1.21045318711549    0.877004295680672 
R      591 1
S      593   0.9217349020764232   0.9926704794168473 
R      589 1
S      594   0.4353162031620741   0.9689986769109964 
R      592 1
S      595   0.9122429005801678   0.9011256691068411 
R      593 0
S      596    1.035445458255708   0.9366793506778777 
R      595 0
S      597    1.042525138705969   0.9361062881536781 
R      596 1
S      598    1.075134981423616   0.8944166121073067 
R      597 1
S      599   0.6131153870373964   0.9800198059529066 
R      599 1
S      600     1.29947926197201   0.9267380554229021 
R      598 1
S      601   0.3850486604496837   0.9935495183803141 
R      601 1
S      602   0.4485916625708342   0.9863687054254114 
R      600 1
S      603    1.048719336278737   0.8983079799450934 
R      594 1
S      604   0.9841436706483364   0.9633773040026427 
R      603 0
S      605   0.3056440558284521   0.9914471467025578 
R      602 1
S      606   0.9914724631235003    0.988054089806974 
R      605 1
S      607   0.5001604333519936   0.9221028548665344 
R      606 1
S      608   0.8858473040163517   0.9451418119482696 
R      604 1
S      609     1.39258021209389   0.8857806885614992 
R      607 1
S      610   0.5681922445073724   0.9581696570850908 
R      609 1
S      611    1.059307380579412    0.982342707272619 
R      608 1
S      612   0.6472847014665604   0.9776342094875872 
R      610 1
S      613   0.4390475312247872   0.9643647057935596 
R      612 1
S      614   0.3210182823240757   0.9998834874480963 
R      611 1
S      615   0.8619100246578455   0.9278487192466855 
R      614 1
S      616    1.168670599348843   0.9158382876776159 
R      615 1
S      617    0.945328357629478   0.9856793598271907 
R      613 1
S      618    1.209778185002506   0.9647622641175986 
R      617 1
S      619    1.057593577541411   0.9014306435361504 
R      618 1
S      620   0.8633979577571154   0.9681258943863214 
R      620 1
S      621   0.7959197638556361   0.9265845217742026 
R      616 1
S      622    1.008064300753176   0.9061270670965315 
R      621 1
S      623    1.343308158218861   0.8969611559063196 
R      623 1
S      624   0.8315432826057076   0.9714679017663002 
R      619 1
S      625    1.238654017448425   0.8710827521979809 
R      625 1
S      626   0.7725067976862192   0.9131121727637946 
R      624 0
S      627   0.5082888081669807   0.9624210837297141 
R      627 1
S      628    1.183883498422801   0.8843503213487566 
R      626 1
S      629   0.8619457166641951   0.9200653283856809 
R      622 1
S      630   0.7643937710672617   0.9866441212594509 
R      628 1
S      631   0.3872138243168592     0.97322000823915 
R      629 1
S      632    1.190381149761379   0.9133582441136241 
R      632 1
S      633    1.046444323845208   0.9709256852976977 
R      631 1
S      634   0.9924842808395624   0.9496492850594223 
R      633 1
S      635   0.9733816487714648   0.9770008659921586 
R      635 1
S      636   0.7478914884850383   0.9937664838507771 
R      630 1
S      637    1.275818328373134    0.913701970782131 
R      634 1
S      638     1.46857896912843   0.8760743428952993 
R      636 1
S      639   0.4854402001947165   0.9524421978741884 
R      637 1
S      640    1.129655123688281    0.880246021412313 
R      638 1
S      641   0.3055670075118542   0.9768113002181054 
R      640 1
S      642   0.5429948884993792   0.9634206688031555 
R      642 0
S      643      1.0792745212093   0.9356303092092275 
R      643 1
S      644   0.9728254685178399    0.964831342920661 
R      641 1
S      645   0.9498188057914376    0.925106861628592 
R      645 1
S      646   0.7527575120329857   0.9860549472272396 
R      646 1
S      647   0.5752814253792167   0.9200838601216674 
R      644 1
S      648    1.479059618897736   0.9130032612010837 
R      639 1
S      649    1.079786284826696   0.9534366551786662 
R      647 1
S      650    1.177713867276907   0.8987569283694029 
R      650 1
S      651    1.238335297442973   0.9052867717109621 
R      648 1
S      652   0.7732159644365311   0.9363112693652511 
R      651 1
S      653   0.6313755866140127   0.9207346540875733 
R      649 1
S      654   0.9381378693506122   0.9067699175328017 
R      654 1
S      655    0.362648444250226   0.9592256039381027 
R      653 1
S      656   0.8489068858325481   0.9784948960877955 
R      652 0
S      657   0.5265851803123951   0.9274060460738838 
R      655 1
S      658   0.6411826368421316   0.9405614648014307 
R      657 1
S      659    1.054273910820484   0.9103073949925602 
R      658 1
S      660    1.146094341762364   0.9001693026162684 
R      656 1
S      661   0.2664832323789597   0.9865481256507337 
R      659 1
S      662   0.5252087423577905    0.974391992483288 
R      661 1
S      663   0.5052923811599612   0.9958785579539835 
R      660 1
S      664    1.017829242162406   0.8980542398057878 
R      662 1
S      665   0.4004178578034043   0.9889259821735322 
R      664 0
S      666    1.060665760189295   0.9047548952512443 
R      663 1
S      667   0.8776899026706815    0.964013768453151 
R      666 1
S      668   0.7568391552194953   0.9882021086290479 
R      667 1
S      669    1.159207680262625   0.9066833429969847 
R      665 1
S      670    1.383656297810376   0.9015553941950202 
R      668 1
S      671   0.5686667393893003   0.9770417712628842 
R      670 1
S      672    1.439099959097803   0.8909714739769697 
R      671 1
S      673    1.190947624854743   0.9178491444326937 
R      672 1
S      674   0.5090346094220877   0.9590059675276279 
R      673 1
S      675    1.076496828347445   0.9801132743246853 
R      674 1
S      676   0.5010114246979356   0.9465550540946424 
R      675 1
S      677   0.9564690813422203   0.8867691659368575 
R      669 1
S      678    1.329042243771255    0.859683133289218 
R      678 1
S      679    1.084710970520973   0.9071334898471832 
R      676 1
S      680   0.7092536808922887   0.9541460708715022 
R      679 1
S      681   0.6951324539259076   0.9936357321217656 
R      681 1
S      682   0.9430629210546613   0.9647276380099357 
R      680 1
S      683   0.8866896405816078   0.9977220311760903 
R      682 1
S      684   0.4935279684141278   0.9470999748446047 
R      677 1
S      685    1.347367939539254   0.8674045946449042 
R      684 1
S      686    1.044479822739959   0.9653963144868613 
R      685 1
S      687   0.8626439943909645   0.9394452336244286 
R      683 1
S      688   0.5190044371411204    0.971934091579169 
R      686 1
S      689   0.6634079469367862   0.9841318770311773 
R      688 1
S      690   0.4836971377953887   0.9459556643851101 
R      689 1
S      691   0.9402554407715797   0.9026283338665962 
R      687 1
S      692   0.6905116094276309   0.9883354723453521 
R      691 1
S      693    1.054605694487691   0.8862443432211876 
R      692 1
S      694   0.5823155241087079   0.9723353641107678 
R      694 1
S      695   0.8353607608005404   0.9071126955561341 
R      693 1
S      696   0.7341277534142137   0.9567318555898965 
R      690 1
S      697   0.8511493466794491   0.9499735213816166 
R      696 1
S      698   0.7268438739702106   0.9906913319602608 
R      697 1
S      699   0.8517975099384785    0.945145923551172 
R      699 1
S      700    1.230012115091085   0.9569480490870774 
R      698 1
S      701   0.6472674971446395   0.9551376814953982 
R      695 1
S      702    1.220191215164959    0.875862008612603 
R      700 1
S      703    1.010745112784207   0.9179022586904466 
R      701 0
S      704    1.216807460412383   0.8798678730614484 
R      702 1
S      705    1.306360831484199   0.9157975189387798 
R      703 1
S      706   0.7625903617590666   0.9357922204770148 
R      706 1
S      707    1.340395573526621   0.9155919943936169 
R      704 1
S      708   0.4807908134534955   0.9790864186361432 
R      705 1
S      709   0.4388055196031928   0.9631898546591401 
R      707 1
S      710    1.099885610863566   0.9648320169188083 
R      709 0
S      711    1.288064168766141   0.9234414239414036 
R      710 1
S      712    1.243134620599449   0.9447392972186208 
R      708 1
S      713   0.6558833438903093   0.9572855598293245 
R      711 1
S      714   0.8239982286468148   0.9442721035331487 
R      713 1
S      715   0.5330577716231346   0.9901942553929984 
R      714 1
S      716   0.7923230137676001      0.9358488002792 
R      715 1
S      717   0.8509755916893482   0.9933509963564575 
R      716 1
S      718    1.421922190114856   0.8960999333299696 
R      717 1
S      719    1.222334799356759   0.9204886102117598 
R      712 1
S      720   0.7852846877649426   0.9456745338626206 
R      720 0
S      721    1.321288422681391   0.8934509313665331 
R      719 1
S      722    1.164470043033361   0.9015939389355481 
R      718 1
S      723   0.7031791498884559   0.9867199473083019 
R      721 1
S      724    1.007327456027269   0.9079162648878992 
R      722 1
S      725    0.599569721147418   0.9637572015635669 
R      723 1
S      726    1.033440665341914    0.926499061845243 
R      724 1
S      727   0.7617154009640217   0.9964578231796622 
R      726 1
S      728    1.287548249587417    0.913081185799092 
R      727 1
S      729   0.3021263424307108   0.9918676083907485 
R      725 1
S      730    1.329367981292307   0.9122837834060192 
R      729 0
S      731    1.027501791715622   0.9156925625167788 
R      728 0
S      732   0.3762385733425617   0.9659219224005937 
R      730 0
S      733    1.237662810832262   0.9116032774560153 
R      731 1
S      734   0.7919219667091966   0.9624081409536303 
R      733 1
S      735    1.015166134573519   0.9680285862646997 
R      734 0
S      736   0.7664079098030925   0.9594473169185221 
R      735 1
S      737   0.8978328322991729   0.9099366700276733 
R      732 1
S      738    1.102558812126517   0.9150987319648266 
R      737 1
S      739    1.511373597197235   0.9252002886496484 
R      736 1
S      740    1.027256608940661   0.9792623775079846 
R      738 1
S      741    1.135336061008275   0.9435893799178302 
R      740 1
S      742    1.008410237729549   0.9253321522846818 
R      741 1
S      743   0.8781796842813492   0.9090685157105327 
R      739 1
S      744    1.399064378812909   0.9099334930069745 
R      742 1
S      745    0.915775815024972   0.9531569050624966 
R      744 1
S      746    1.258782045915723   0.9165192694403231 
R      743 1
S      747   0.9898415319621563   0.9605181248858571 
R      745 1
S      748    1.031835856847465   0.9443863884545862 
R      747 1
S      749   0.9555770009756088   0.9132826489396394 
R      748 1
S      750    0.374607271514833   0.9685301669873297 
R      746 1
S      751    0.666562988422811    0.960525483544916 
R      750 1
S      752    1.024121880531311   0.9407441917806864 
R      749 1
S      753    1.076866670511663   0.9444824744015932 
R      752 1
S      754    0.647954173386097   0.9732284281402827 
R      754 1
S      755   0.7213623970746994   0.9880138022825122 
R      753 1
S      756    1.117650311440229   0.9629084549844265 
R      751 1
S      757   0.9446178758516908   0.9390636212192476 
R      755 1
S      758    1.275756010785699   0.9178559755906462 
R      756 1
S      759   0.7370228990912437   0.9387906170450151 
R      758 1
S      760    1.351324260234833   0.8866908648051322 
R      759 1
S      761   0.8719210848212242   0.9224814487621188 
R      761 1
S      762    1.282939656637609   0.8585711928084493 
R      757 1
S      763    1.154047281481326   0.8879627212882042 
R      760 1
S      764   0.9774682717397809   0.9005946687422693 
R      764 1
S      765    1.198438358493149    0.868998986016959 
R      762 1
S      766    1.332275827415287   0.8674890433438123 
R      766 1
S      767   0.3626682488247752   0.9910919411107898 
R      763 1
S      768   0.2414319133386016   0.9994670710526407 
R      768 1
S      769    1.212204429320991   0.9090264371596277 
R      767 1
S      770    0.791940888389945   0.9361851036548614 
R      769 1
S      771   0.8744879513978958   0.9217088353820145 
R      771 0
S      772   0.6747287306934595   0.9053075534291566 
R      770 1
S      773    0.525793363340199   0.9859885955229402 
R      773 1
S      774   0.8449582112953067   0.9147977681830526 
R      772 0
S      775     1.27375204116106   0.9195385569706559 
R      774 1
S      776    1.024623746983707   0.9479426937177777 
R      765 1
S      777   0.3418590174987912   0.9800657687708736 
R      776 1
S      778   0.8439009254798293   0.9520906311459839 
R      777 1
S      779    1.295483697205782   0.9068100517615676 
R      775 1
S      780    1.117973239161074   0.9271343161351979 
R      778 1
S      781   0.9521057726815343   0.9753663735464215 
R      779 1
S      782   0.5391890704631805   0.9693516784347593 
R      780 1
S      783    1.355684692971408   0.9269656199030578 
R      782 1
S      784    1.234737467952073   0.8770309128798545 
R      781 1
S      785    1.568696816451848   0.8474048944190145 
R      783 1
S      786    0.924831404350698   0.9517577857710421 
R      785 1
S      787   0.9241291303187609   0.9118499821983278 
R      786 1
S      788    1.295166393741965   0.9258309617638588 
R      787 1
S      789   0.9679365456104279   0.9618162688799202 
R      784 0
S      790    1.179112589918077   0.9481424427591264 
R      788 1
S      791   0.9333888813853264    0.937584534380585 
R      791 1
S      792    1.338288209401071   0.9238506104797125 
R      790 1
S      793    1.357779300771654    0.912666370626539 
R      789 1
S      794   0.5365474307909608   0.9271323231980204 
R      793 0
S      795   0.9590302240103483   0.9208961729891598 
R      792 1
S      796   0.7824603812769055   0.9819459544494749 
R      794 1
S      797   0.6368707297369838   0.9378726727329194 
R      795 1
S      798    1.304490526206791   0.8976870602928102 
R      797 1
S      799    1.187571103684604   0.9016990610398352 
R      798 1
S      800   0.9672823064029217   0.9712618955411016 
R      799 1
S      801     1.17638373747468   0.8922715839929879 
R      800 1
S      802   0.7191704465076327   0.8973631725646556 
R      801 1
S      803    1.224141607061028   0.8515149942599237 
R      796 1
S      804    1.370404209941626   0.9071412937715649 
R      802 0
S      805   0.9447178561240435   0.9037821043282748 
R      804 1
S      806    1.091107786633074   0.9143341683782638 
R      806 1
S      807     1.17777874134481    0.931911604013294 
R      805 1
S      808   0.7704356545582414   0.9757837704382837 
R      803 0
S      809    1.256334218196571   0.8923287068493665 
R      808 1
S      810   0.4423529775813222   0.9963184299878776 
R      809 1
S      811    1.037299307994545   0.9906569128856063 
R      807 1
S      812   0.9110411191359162   0.9619940930046141 
R      810 1
S      813    1.039983335882425   0.9787769695743919 
R      811 1
S      814    1.341953777708113   0.8718892635777593 
R      813 1
S      815    1.104111230932176   0.8973685232922435 
R      812 1
S      816   0.7627102630212903   0.9891618196852505 
R      814 1
S      817   0.7671160008758307   0.9284797990694642 
R      816 1
S      818    0.733680622652173   0.9667080755345523 
R      817 1
S      819   0.6097755543887615     0.99663325259462 
R      815 1
S      820     1.15105439722538   0.8988849819637835 
R      819 1
S      821    1.086599984206259   0.9466119716875255 
R      818 1
S      822    1.122715297155082   0.9368265490047634 
R      821 1
S      823    1.364747575484216   0.8635723797604442 
R      820 0
S      824     1.30514402128756   0.9087692262604833 
R      822 1
S      825   0.7205481044948101   0.9924475065432489 
R      823 1
S      826   0.9003016026690602   0.9258255938068032 
R      824 1
S      827   0.8866927241906524   0.9326071390882135 
R      825 1
S      828    1.023939813487232   0.9388194045983255 
R      827 0
S      829    1.174478315748274   0.8784534323029221 
R      826 0
S      830    1.035250606946647   0.9531516685150564 
R      829 1
S      831   0.3278480917215347   0.9879295198246837 
R      830 1
S      832    1.165107609704137   0.9248282473534346 
R      828 1
S      833   0.1239712983369827   0.9933882173150778 
R      833 1
S      834   0.7334185875952244   0.9373095767572522 
R      831 1
S      835   0.9568072352558374   0.9000231400132179 
R      832 1
S      836    1.035663604736328   0.9750572464428842 
R      836 1
S      837    1.222356518730521    0.909463956952095 
R      834 1
S      838    1.231166700832546   0.9369630598463118 
R      838 1
R      835 1
R      837 1
